"salary","age","elevel","car","zipcode","credit","brand"
110499.7354,54,"4-year college degree","15","South Atlantic",354724.1825,"acer"
140893.7791,44,"Masters or Doctoral","20","Mountain",395015.339,"sony"
119159.6517,49,"Some College","1","West North Central",122025.0852,"acer"
20000,56,"Less than High School","9","Mid-Atlantic",99629.62146,"sony"
93956.32049,59,"High School Degree","15","Mid-Atlantic",458679.8262,"acer"
41365.43328,71,"Some College","7","East North Central",216839.7152,"acer"
94805.61113,32,"High School Degree","17","Mid-Atlantic",233216.0707,"acer"
34410.6276,33,"Masters or Doctoral","17","New England",450707.3812,"sony"
128298.8212,32,"High School Degree","19","East North Central",20768.06415,"sony"
100806.9209,58,"Some College","8","South Atlantic",293106.6546,"acer"
49863.40964,22,"High School Degree","12","Mid-Atlantic",156086.6867,"acer"
94554.18804,47,"Masters or Doctoral","12","East North Central",100467.99,"acer"
79637.65823,41,"Some College","1","West North Central",387564.5476,"acer"
87085.57895,40,"Masters or Doctoral","9","East North Central",458378.0004,"acer"
126945.6663,62,"4-year college degree","4","South Atlantic",211178.9014,"sony"
29080.92083,58,"High School Degree","13","West North Central",29965.97517,"sony"
147561.7258,28,"Masters or Doctoral","6","Pacific",322196.3147,"sony"
72346.05201,37,"4-year college degree","15","Pacific",403166.447,"acer"
52129.77195,44,"4-year college degree","9","West South Central",73639.45893,"sony"
35640.04161,57,"4-year college degree","10","Pacific",91722.42434,"sony"
100868.9066,39,"Less than High School","5","East North Central",300078.3626,"acer"
98780.08068,77,"High School Degree","12","West South Central",139597.9537,"sony"
140685.8197,73,"Some College","8","Mid-Atlantic",185189.3088,"sony"
109305.1954,31,"Some College","17","New England",166310.2379,"sony"
117212.3783,30,"4-year college degree","6","Mountain",260175.807,"sony"
41430.31861,53,"Some College","10","East South Cental",7023.300616,"sony"
56118.04644,69,"Masters or Doctoral","2","Pacific",41596.72091,"acer"
79203.78449,75,"Some College","4","New England",461032.0939,"sony"
136189.4317,56,"Less than High School","12","West South Central",152598.1311,"sony"
67249.51459,30,"Some College","11","West South Central",455241.0776,"acer"
22854.2421,72,"Some College","6","Mid-Atlantic",321523.4878,"sony"
30211.41075,41,"Less than High School","19","South Atlantic",481293.5213,"sony"
116690.5653,50,"Some College","10","Mid-Atlantic",199885.5631,"acer"
94375.87719,27,"4-year college degree","18","South Atlantic",403469.11,"acer"
91129.12641,75,"4-year college degree","10","West South Central",328625.351,"sony"
94446.2489,67,"4-year college degree","8","East South Cental",352264.6121,"sony"
83858.10407,20,"Masters or Doctoral","5","Pacific",51211.42228,"acer"
49898.09807,72,"Masters or Doctoral","12","West South Central",484565.2146,"acer"
27323.5208,30,"Less than High School","17","Pacific",233145.8521,"sony"
73249.47943,27,"Less than High School","2","Mid-Atlantic",49875.72997,"acer"
40408.25989,54,"Some College","14","New England",437909.3552,"sony"
48225.18379,25,"Masters or Doctoral","6","West North Central",179703.2016,"sony"
45520.00972,33,"High School Degree","14","East North Central",138640.2199,"sony"
30372.27565,80,"Less than High School","5","West North Central",481605.8996,"acer"
33167.37542,26,"High School Degree","18","West South Central",475809.1777,"sony"
55260.32748,59,"Some College","7","West South Central",450971.8521,"acer"
100862.5066,77,"4-year college degree","14","Mountain",135444.8306,"sony"
33926.48622,42,"High School Degree","15","East South Cental",338957.7912,"sony"
34547.10556,69,"Masters or Doctoral","15","Pacific",178745.3287,"acer"
50400.92157,46,"Some College","11","East South Cental",155881.1573,"sony"
36771.82483,66,"Less than High School","15","West North Central",285592.9044,"acer"
57293.90047,61,"4-year college degree","2","Mountain",254309.3692,"acer"
103162.1155,22,"Less than High School","11","West South Central",20154.04327,"sony"
84321.91334,40,"Masters or Doctoral","7","Mountain",240352.3575,"acer"
44978.93098,51,"4-year college degree","8","East North Central",30226.27318,"sony"
33261.0419,74,"High School Degree","2","East North Central",441965.5178,"acer"
138174.402,24,"High School Degree","19","Mountain",34065.70539,"sony"
146356.9425,74,"Some College","10","East South Cental",344798.6671,"sony"
99339.7986,34,"Less than High School","9","East North Central",6024.31096,"sony"
71182.20266,63,"Less than High School","6","East South Cental",66611.49486,"acer"
71550.5906,31,"High School Degree","14","New England",160777.2432,"acer"
86560.86808,55,"4-year college degree","8","Mountain",381447.6931,"acer"
95906.64061,44,"4-year college degree","16","South Atlantic",470045.167,"acer"
79439.6358,27,"Masters or Doctoral","6","Mountain",464938.9837,"acer"
39651.73721,76,"High School Degree","5","West South Central",327289.4095,"acer"
41118.99813,25,"Masters or Doctoral","6","Mid-Atlantic",90189.79818,"sony"
93839.26542,70,"Some College","9","West North Central",332445.9659,"sony"
113076.8079,45,"4-year college degree","16","Mid-Atlantic",365643.4332,"acer"
32036.68512,25,"4-year college degree","4","West North Central",74054.9112,"sony"
20000,68,"Less than High School","3","New England",213894.2584,"sony"
39392.14635,30,"Some College","8","East North Central",266690.8952,"sony"
112852.7192,48,"Masters or Doctoral","14","Pacific",407602.7403,"acer"
38512.89603,48,"High School Degree","10","West North Central",0,"sony"
44428.60558,32,"4-year college degree","10","Pacific",192674.5249,"sony"
126738.6976,28,"Some College","20","Pacific",149647.004,"sony"
136683.3775,24,"High School Degree","8","South Atlantic",212461.5516,"sony"
53883.25098,54,"Masters or Doctoral","11","East South Cental",89236.34933,"sony"
133290.5005,72,"High School Degree","9","West North Central",478544.7558,"sony"
123095.006,53,"Masters or Doctoral","18","New England",205545.717,"acer"
41013.26647,77,"Masters or Doctoral","3","Mid-Atlantic",246458.9741,"acer"
39800.44122,63,"Less than High School","3","New England",147013.5681,"acer"
53983.93486,29,"4-year college degree","4","Mountain",237006.2524,"acer"
54807.82635,47,"Masters or Doctoral","16","East South Cental",348471.2441,"sony"
140563.9731,45,"Some College","16","Mountain",343021.3822,"sony"
123345.4825,63,"High School Degree","19","West North Central",141085.0409,"sony"
74953.43325,63,"Some College","4","New England",270405.0392,"sony"
23157.49676,73,"Less than High School","9","New England",104250.3463,"sony"
142358.2568,35,"4-year college degree","14","West North Central",248291.2584,"sony"
119209.328,76,"4-year college degree","11","West North Central",35347.59756,"sony"
122807.9438,62,"Less than High School","6","Pacific",172104.291,"sony"
48938.46071,65,"High School Degree","8","West South Central",431340.423,"acer"
20000,30,"Some College","2","West South Central",218843.651,"sony"
76509.60173,48,"High School Degree","14","East North Central",337054.1622,"acer"
20000,51,"Masters or Doctoral","3","New England",470921.4124,"sony"
64910.68396,47,"4-year college degree","12","East North Central",256440.2599,"sony"
38812.22676,75,"High School Degree","18","West South Central",310480.0227,"acer"
69277.56094,20,"Some College","1","South Atlantic",93838.18629,"acer"
141497.9248,65,"Some College","12","Mid-Atlantic",406525.6569,"sony"
140088.8312,64,"Masters or Doctoral","4","Pacific",281727.2777,"sony"
34934.23067,46,"High School Degree","10","Mid-Atlantic",461915.6023,"sony"
69474.53053,69,"Masters or Doctoral","17","South Atlantic",387894.2142,"acer"
29272.23437,48,"High School Degree","15","East North Central",436948.4525,"sony"
64788.44873,79,"Masters or Doctoral","5","Mid-Atlantic",77918.10245,"acer"
135639.8791,27,"Masters or Doctoral","19","West South Central",19186.17634,"sony"
105017.6357,78,"Less than High School","8","New England",60901.15443,"sony"
30651.27828,70,"4-year college degree","4","West South Central",274973.3405,"acer"
124914.8927,20,"4-year college degree","14","New England",422490.7151,"sony"
51554.6034,43,"High School Degree","6","Pacific",403873.2068,"sony"
41756.58586,30,"Less than High School","9","Pacific",261237.0119,"sony"
40777.17765,24,"4-year college degree","18","East North Central",389602.4913,"sony"
22852.18355,20,"4-year college degree","19","West North Central",471134.0016,"sony"
46972.72177,58,"Masters or Doctoral","1","West North Central",202696.6148,"sony"
81360.09472,57,"Some College","1","East South Cental",464026.0106,"acer"
118399.6735,52,"4-year college degree","2","East North Central",349837.5019,"acer"
97797.99614,51,"High School Degree","17","New England",322701.6857,"acer"
34013.2303,37,"Masters or Doctoral","2","Mountain",35509.86716,"sony"
39825.37599,67,"Less than High School","8","South Atlantic",449697.2514,"acer"
42887.81182,68,"Less than High School","8","East South Cental",311664.9223,"acer"
136958.0552,62,"4-year college degree","1","East North Central",471262.0422,"sony"
73966.94405,28,"High School Degree","4","West South Central",427243.0564,"acer"
58996.45533,43,"Some College","9","South Atlantic",327786.8183,"sony"
147256.2284,54,"Less than High School","7","Mid-Atlantic",494074.745,"sony"
137604.4732,80,"Some College","17","Mid-Atlantic",129093.431,"sony"
67246.29728,70,"High School Degree","7","South Atlantic",241223.8674,"acer"
111248.5351,53,"High School Degree","18","South Atlantic",464879.9246,"acer"
138762.6193,27,"4-year college degree","18","Mountain",270868.1454,"sony"
130104.2157,57,"Less than High School","3","New England",0,"sony"
66419.40224,70,"High School Degree","1","West South Central",430196.5454,"acer"
105905.1717,78,"High School Degree","14","South Atlantic",221805.0272,"sony"
66718.68592,22,"4-year college degree","3","New England",359392.595,"acer"
105371.3765,28,"Less than High School","17","West North Central",118819.0244,"sony"
150000,20,"4-year college degree","8","Mid-Atlantic",52783.80121,"sony"
78824.04664,70,"High School Degree","13","West South Central",36615.60833,"sony"
104203.6653,20,"Less than High School","5","South Atlantic",472282.7269,"sony"
81031.0909,20,"4-year college degree","7","Pacific",281226.6043,"acer"
35394.28221,26,"High School Degree","18","South Atlantic",461495.7806,"sony"
93010.35031,44,"Masters or Doctoral","14","Pacific",5e+05,"acer"
89977.24698,29,"Some College","13","Mountain",119006.3796,"acer"
71357.38975,62,"Less than High School","18","West North Central",413141.1401,"acer"
86564.44796,33,"Some College","9","East South Cental",477016.951,"acer"
141029.8191,22,"Some College","10","Pacific",166924.9082,"sony"
104962.6416,45,"Masters or Doctoral","10","Mid-Atlantic",344391.502,"acer"
91708.12335,50,"4-year college degree","11","Pacific",446718.263,"acer"
79017.63427,24,"High School Degree","11","Mid-Atlantic",182439.1782,"acer"
126987.4355,77,"4-year college degree","10","Pacific",276517.6124,"sony"
50959.11776,69,"Some College","11","South Atlantic",158345.5348,"acer"
97361.54119,52,"Some College","2","Mid-Atlantic",472890.1963,"acer"
57871.06916,27,"Masters or Doctoral","18","East South Cental",40516.26375,"acer"
114719.9929,35,"Some College","1","West South Central",371147.6246,"sony"
127173.5961,33,"Some College","5","Mountain",278513.526,"sony"
22550.37379,78,"4-year college degree","20","East North Central",358223.8561,"sony"
41046.87118,46,"Some College","13","West North Central",261612.2675,"sony"
124898.0764,41,"Masters or Doctoral","10","Pacific",425863.757,"sony"
126582.4113,54,"High School Degree","8","Pacific",230828.1126,"sony"
102972.1702,51,"Less than High School","7","East North Central",157549.9681,"acer"
28104.2676,79,"Less than High School","8","West North Central",212529.6273,"acer"
91758.28955,55,"Less than High School","5","South Atlantic",95280.30363,"acer"
64470.53502,72,"Less than High School","4","East South Cental",72924.56732,"acer"
70008.3427,44,"Masters or Doctoral","17","East North Central",369048.2027,"sony"
43081.31822,41,"High School Degree","6","East South Cental",191982.4034,"sony"
81168.48296,34,"Masters or Doctoral","10","West North Central",35099.85573,"acer"
37764.29766,25,"High School Degree","8","East North Central",284129.4257,"sony"
150000,23,"Masters or Doctoral","18","West North Central",5e+05,"sony"
30760.74623,78,"4-year college degree","4","Mid-Atlantic",224080.096,"acer"
115765.8595,71,"Masters or Doctoral","20","West South Central",394825.6264,"sony"
50168.50762,34,"Some College","18","South Atlantic",187646.3446,"acer"
108117.3094,44,"Some College","9","East South Cental",304615.6456,"acer"
117407.261,23,"High School Degree","5","New England",302195.4793,"sony"
47941.2591,24,"Less than High School","3","Mountain",83615.7243,"sony"
98186.30577,76,"4-year college degree","8","Mid-Atlantic",199271.624,"sony"
123561.0308,48,"Some College","19","Pacific",76055.51482,"acer"
85061.24877,32,"High School Degree","12","West South Central",474664.1651,"acer"
42224.98333,60,"High School Degree","5","Mid-Atlantic",166459.6241,"sony"
118559.7817,72,"4-year college degree","3","East North Central",287256.5499,"sony"
120060.6862,21,"High School Degree","17","East North Central",241135.1946,"sony"
62275.60136,49,"Some College","17","Pacific",428596.1819,"sony"
48687.53178,41,"Some College","2","Pacific",201617.3953,"sony"
124449.2735,76,"High School Degree","1","East South Cental",124080.9386,"sony"
102587.4285,20,"High School Degree","20","West South Central",291874.2933,"sony"
37922.35501,44,"Some College","10","New England",411478.2194,"sony"
20000,69,"Some College","14","East North Central",203408.6924,"sony"
20863.03794,53,"Masters or Doctoral","3","New England",91408.7083,"sony"
97753.98263,48,"High School Degree","18","Mid-Atlantic",228509.3055,"acer"
76230.20993,70,"Some College","18","New England",239003.9728,"acer"
61490.09424,69,"High School Degree","19","Mountain",122582.229,"acer"
71638.6117,26,"High School Degree","7","West South Central",173247.3789,"acer"
119640.7793,33,"Some College","20","West North Central",331233.6448,"sony"
85002.33367,62,"Masters or Doctoral","7","Pacific",79004.52057,"sony"
126499.072,78,"Masters or Doctoral","10","South Atlantic",477178.6408,"sony"
78407.74455,23,"Some College","15","West North Central",198359.2028,"acer"
78825.20872,41,"Some College","7","South Atlantic",276219.7638,"acer"
84333.9113,69,"4-year college degree","17","Mid-Atlantic",227553.5108,"sony"
141174.4209,71,"4-year college degree","3","East South Cental",248924.0085,"sony"
36326.11199,57,"Some College","5","South Atlantic",416774.0346,"sony"
57481.24511,80,"Some College","20","Mountain",87090.63941,"acer"
76974.37959,70,"Less than High School","17","East South Cental",235786.548,"acer"
122464.6149,35,"Masters or Doctoral","4","Mountain",474694.3411,"sony"
115800.1138,30,"Masters or Doctoral","13","New England",462889.3802,"sony"
43973.41539,49,"Masters or Doctoral","9","West North Central",436988.9052,"sony"
138893.0818,51,"Masters or Doctoral","4","Pacific",247379.1391,"sony"
136962.606,74,"High School Degree","1","Pacific",420048.2066,"sony"
116528.7053,76,"Less than High School","12","East South Cental",167440.0038,"sony"
130833.0008,23,"Some College","16","East South Cental",29638.03906,"sony"
103581.5907,77,"Less than High School","18","West South Central",450230.0564,"sony"
77603.71927,71,"Less than High School","3","Mountain",41068.79664,"sony"
25721.72544,24,"Some College","10","South Atlantic",141667.1945,"sony"
125982.6712,53,"High School Degree","2","West North Central",251534.6838,"sony"
102942.1021,30,"4-year college degree","9","Mountain",418543.0306,"sony"
122105.3795,33,"Masters or Doctoral","18","West South Central",308658.6156,"sony"
146777.3863,24,"High School Degree","14","South Atlantic",282599.7609,"sony"
141049.4866,39,"Masters or Doctoral","5","West South Central",27116.55534,"sony"
126448.6574,61,"Less than High School","11","East South Cental",5e+05,"sony"
58090.26917,62,"Less than High School","1","Pacific",217997.9872,"acer"
74253.30416,67,"High School Degree","18","Pacific",50630.05515,"acer"
137550.1396,42,"Some College","4","East North Central",277726.9151,"sony"
70768.34809,36,"Less than High School","11","South Atlantic",249317.2793,"acer"
114737.6349,40,"4-year college degree","14","Mountain",284935.9197,"acer"
94961.68156,36,"High School Degree","20","New England",56898.47698,"acer"
40597.46719,20,"Less than High School","7","East South Cental",307315.7656,"sony"
76354.84474,26,"Less than High School","5","West North Central",339813.8804,"acer"
105552.4818,61,"Less than High School","1","Mountain",445405.4449,"sony"
91168.86289,75,"Less than High School","1","West South Central",318103.1376,"sony"
80282.98752,68,"High School Degree","20","Mountain",396729.7297,"sony"
98032.43651,32,"High School Degree","10","East South Cental",407000.2727,"acer"
57356.59966,73,"Masters or Doctoral","19","East North Central",228469.5188,"acer"
45072.35215,77,"Less than High School","15","South Atlantic",90572.80287,"acer"
32004.33705,54,"Less than High School","13","New England",78329.76304,"sony"
31247.7923,33,"4-year college degree","5","New England",262716.466,"sony"
123414.4505,51,"Less than High School","15","East North Central",126588.8678,"acer"
102491.2198,60,"Some College","1","Mid-Atlantic",431329.0163,"sony"
129922.4595,47,"Some College","13","East South Cental",465367.285,"sony"
84956.02521,40,"Less than High School","2","West North Central",19313.86366,"acer"
142684.7682,67,"Masters or Doctoral","15","South Atlantic",389508.657,"sony"
88022.64951,33,"Masters or Doctoral","20","Mid-Atlantic",67203.58854,"acer"
79307.38421,41,"4-year college degree","3","Pacific",298115.4446,"acer"
131026.4874,78,"4-year college degree","2","Mid-Atlantic",264037.6079,"sony"
98947.96129,42,"4-year college degree","15","Mountain",47600.89116,"acer"
114155.581,69,"4-year college degree","20","South Atlantic",76642.88812,"sony"
90816.37715,49,"High School Degree","17","New England",168983.5016,"acer"
39974.65829,38,"High School Degree","1","West North Central",411599.372,"sony"
92748.35104,23,"Some College","13","West South Central",376689.6652,"acer"
52381.55815,71,"Some College","19","East North Central",53691.27441,"acer"
109696.8907,33,"Some College","19","Mid-Atlantic",306930.8132,"sony"
150000,71,"Less than High School","20","West South Central",198375.7234,"sony"
47817.84173,77,"Masters or Doctoral","6","Pacific",295701.6721,"acer"
129804.126,39,"Some College","19","South Atlantic",430324.8617,"sony"
90560.66979,77,"Less than High School","19","West South Central",469039.022,"sony"
60790.38134,55,"Less than High School","7","South Atlantic",417998.7835,"sony"
51937.83307,50,"4-year college degree","11","Mountain",180286.3702,"sony"
75127.15274,58,"High School Degree","6","South Atlantic",239634.2341,"sony"
35163.88797,79,"Less than High School","15","West North Central",134335.7574,"acer"
71603.97299,52,"Some College","12","Mid-Atlantic",116490.9076,"sony"
125684.3106,71,"Masters or Doctoral","2","Mountain",75617.26886,"sony"
59632.25172,33,"Some College","13","East North Central",252940.2811,"acer"
142513.9,41,"Less than High School","18","Mountain",98291.30237,"sony"
104773.2122,46,"4-year college degree","12","New England",334005.1613,"acer"
125359.1955,27,"High School Degree","18","East North Central",472226.632,"sony"
102822.3753,66,"Masters or Doctoral","5","Mountain",262757.0305,"sony"
142989.9354,43,"Some College","19","South Atlantic",375447.0364,"sony"
109304.7165,61,"High School Degree","3","Pacific",88362.85209,"sony"
139245.1188,37,"Some College","5","Mid-Atlantic",42994.18849,"sony"
48816.16877,54,"Less than High School","19","East North Central",344485.8304,"sony"
125267.5285,36,"Some College","18","New England",50457.25686,"sony"
148913.4369,30,"High School Degree","19","South Atlantic",366874.0631,"sony"
114830.9249,72,"Less than High School","20","Mountain",183800.4905,"sony"
123235.8102,60,"High School Degree","20","West South Central",5e+05,"sony"
89350.37006,40,"Masters or Doctoral","20","East South Cental",32435.88793,"acer"
142993.2327,36,"High School Degree","11","Mid-Atlantic",140425.802,"sony"
114758.762,68,"Some College","14","Pacific",404982.1119,"sony"
22229.85426,29,"Masters or Doctoral","12","East North Central",437096.8629,"sony"
141199.8067,51,"4-year college degree","9","East North Central",74644.38473,"sony"
60916.15423,51,"Less than High School","4","South Atlantic",29687.24726,"sony"
130713.5948,40,"4-year college degree","12","East North Central",56376.68577,"sony"
129002.9207,63,"4-year college degree","6","East North Central",425581.4366,"sony"
60510.33735,70,"High School Degree","19","West North Central",442853.1873,"acer"
58602.99107,29,"Masters or Doctoral","11","New England",206282.9013,"acer"
52205.66794,34,"Masters or Doctoral","14","Mountain",274402.4457,"acer"
81450.61739,58,"Some College","1","West South Central",131665.4479,"acer"
72199.17821,31,"Masters or Doctoral","14","East South Cental",302651.4867,"acer"
127786.606,46,"Some College","16","Mid-Atlantic",0,"sony"
37564.26825,72,"High School Degree","11","Mountain",407501.0746,"acer"
104200.8434,64,"Less than High School","6","East North Central",196894.3018,"sony"
80030.00439,22,"Masters or Doctoral","15","Pacific",390769.0935,"acer"
115322.3206,31,"High School Degree","10","Pacific",241098.2754,"sony"
71814.84043,67,"4-year college degree","8","South Atlantic",32092.45823,"acer"
86877.1143,63,"4-year college degree","5","West South Central",378365.476,"sony"
27146.33944,49,"4-year college degree","20","East North Central",8953.972124,"sony"
63284.71451,36,"High School Degree","15","Pacific",337130.4733,"acer"
100933.2663,71,"4-year college degree","20","West South Central",278940.4201,"sony"
143926.3711,28,"4-year college degree","20","East South Cental",89790.06468,"sony"
79139.62098,80,"Masters or Doctoral","2","Mid-Atlantic",13717.50551,"sony"
90277.42898,80,"Masters or Doctoral","11","Pacific",140418.7736,"sony"
54118.4336,76,"4-year college degree","3","West South Central",466775.872,"acer"
97893.25638,61,"Less than High School","10","Mid-Atlantic",474945.8107,"sony"
82815.5434,41,"Less than High School","11","South Atlantic",5e+05,"acer"
148296.65,22,"High School Degree","17","Mountain",264466.0172,"sony"
63049.17146,69,"Less than High School","12","West North Central",385233.5505,"acer"
51783.31546,80,"4-year college degree","12","Mountain",468442.5132,"acer"
37925.72851,77,"Some College","17","New England",242963.7613,"acer"
116008.0933,34,"Less than High School","12","Mountain",160955.336,"sony"
35620.2353,70,"Some College","19","Pacific",26058.18459,"acer"
62533.03539,64,"4-year college degree","7","West North Central",287363.1168,"acer"
130105.7506,24,"High School Degree","20","West South Central",450609.6355,"sony"
29749.4862,78,"Masters or Doctoral","15","Mountain",257292.2451,"acer"
97669.10737,67,"Less than High School","3","New England",206482.5332,"sony"
93344.43409,23,"Masters or Doctoral","16","West North Central",12468.53599,"acer"
25493.9877,36,"Less than High School","1","East South Cental",257244.3148,"sony"
40552.57176,55,"High School Degree","15","East North Central",151100.7491,"sony"
77614.4625,51,"4-year college degree","14","West South Central",0,"acer"
133205.7254,23,"Less than High School","17","Mid-Atlantic",156677.8004,"sony"
68348.53865,64,"4-year college degree","10","New England",417646.9735,"acer"
70906.75242,56,"Masters or Doctoral","11","East South Cental",0,"sony"
77233.76907,73,"Less than High School","18","Mountain",477469.4867,"sony"
67657.81084,58,"High School Degree","14","East North Central",45059.43665,"sony"
143060.6818,30,"4-year college degree","18","Mountain",391695.9481,"sony"
147937.0685,41,"Some College","11","Mountain",42354.73178,"sony"
129463.5122,80,"4-year college degree","14","West South Central",405806.2747,"sony"
52949.16278,63,"Less than High School","7","New England",442363.2162,"acer"
78120.11486,54,"4-year college degree","8","West North Central",152523.8094,"acer"
111189.0398,33,"High School Degree","7","South Atlantic",149039.6527,"sony"
136275.5045,54,"4-year college degree","14","Mid-Atlantic",34808.2013,"sony"
40437.22038,56,"High School Degree","18","New England",162254.9757,"sony"
63527.70821,41,"4-year college degree","15","New England",425826.2839,"sony"
21126.13814,61,"Less than High School","20","Mountain",112727.118,"sony"
132454.5989,37,"Some College","4","New England",22796.54745,"sony"
26937.44371,40,"High School Degree","17","East South Cental",297295.8256,"sony"
90811.12599,42,"Masters or Doctoral","9","West North Central",86454.34059,"acer"
107455.3649,51,"Less than High School","16","Pacific",308047.2318,"acer"
124808.5224,76,"Less than High School","11","East North Central",323022.621,"sony"
37479.99886,20,"Masters or Doctoral","4","Mid-Atlantic",410739.6896,"sony"
73611.10412,68,"4-year college degree","1","East North Central",312588.5565,"sony"
50395.58178,28,"Masters or Doctoral","8","New England",379625.8939,"sony"
71970.32457,27,"4-year college degree","10","West South Central",463247.4867,"acer"
73119.92519,44,"Masters or Doctoral","18","New England",38814.7038,"sony"
49351.13734,32,"Some College","10","New England",300902.5315,"acer"
52372.29479,43,"High School Degree","7","South Atlantic",349856.8397,"sony"
40892.45979,42,"High School Degree","6","East South Cental",188957.3414,"sony"
139023.1273,20,"Masters or Doctoral","5","East South Cental",104680.5184,"sony"
140931.9435,45,"4-year college degree","15","West South Central",49061.59666,"sony"
52566.45174,71,"Masters or Doctoral","5","East South Cental",314481.0554,"acer"
90992.62484,27,"High School Degree","10","Mid-Atlantic",138893.8055,"acer"
106641.084,50,"Less than High School","17","East South Cental",66591.92741,"acer"
111128.1033,76,"Masters or Doctoral","11","West South Central",86871.40729,"sony"
138388.6703,65,"Some College","19","South Atlantic",199243.198,"sony"
66258.00373,50,"Less than High School","12","New England",289579.9395,"sony"
25086.2967,29,"Masters or Doctoral","15","East South Cental",407093.8974,"sony"
42325.29866,67,"Masters or Doctoral","5","Mountain",300351.994,"acer"
91888.84731,58,"Masters or Doctoral","7","Pacific",75704.44308,"acer"
21221.29813,23,"Some College","13","Mid-Atlantic",344746.368,"sony"
48452.2581,47,"Less than High School","10","Pacific",387229.9544,"sony"
83137.80268,68,"High School Degree","14","Mountain",398524.0977,"sony"
84452.19118,27,"4-year college degree","11","East South Cental",214214.5143,"acer"
63484.93507,40,"Less than High School","11","West South Central",32672.45639,"acer"
74139.13223,26,"High School Degree","3","Pacific",255001.1812,"acer"
99523.88097,55,"Masters or Doctoral","13","West South Central",178723.1268,"acer"
150000,36,"Masters or Doctoral","14","Mid-Atlantic",135584.4804,"sony"
40847.99492,71,"Some College","1","Mid-Atlantic",90449.37911,"acer"
61079.17841,40,"High School Degree","18","East South Cental",195585.406,"sony"
143519.587,56,"Some College","2","West North Central",185572.3519,"sony"
99417.73531,32,"Some College","2","Pacific",33880.24129,"sony"
81297.5268,68,"High School Degree","17","South Atlantic",472520.8553,"sony"
32539.90664,67,"Masters or Doctoral","9","West North Central",26613.75339,"acer"
49540.82342,58,"Masters or Doctoral","4","East South Cental",209548.4002,"sony"
138810.1479,64,"Masters or Doctoral","14","West South Central",266488.6727,"sony"
142843.9572,63,"4-year college degree","14","South Atlantic",198330.4117,"sony"
142242.1431,43,"Less than High School","15","West North Central",195496.6787,"sony"
75817.74194,61,"Masters or Doctoral","5","Pacific",41420.26181,"acer"
132840.1649,42,"Some College","10","New England",485443.2794,"sony"
57030.03863,23,"Masters or Doctoral","12","West North Central",237213.6995,"acer"
66329.12629,36,"4-year college degree","17","West South Central",369720.6585,"acer"
55914.38172,45,"4-year college degree","8","South Atlantic",200552.0922,"sony"
52402.77066,38,"Masters or Doctoral","15","Pacific",83066.52285,"acer"
137306.4566,43,"High School Degree","7","Mid-Atlantic",302713.6834,"sony"
101307.9145,25,"Some College","17","East North Central",333542.2485,"sony"
61728.08564,56,"High School Degree","5","Pacific",468419.0861,"sony"
76623.2976,26,"High School Degree","20","Mid-Atlantic",276471.1771,"acer"
146859.2794,46,"Masters or Doctoral","1","Mountain",333101.9542,"sony"
73955.16249,36,"Less than High School","9","New England",443255.8299,"acer"
108750.2014,61,"Masters or Doctoral","3","Mid-Atlantic",172115.0093,"sony"
76794.29133,64,"4-year college degree","15","Mid-Atlantic",75723.48162,"sony"
78098.32868,22,"Masters or Doctoral","9","East South Cental",54507.58813,"acer"
118284.2705,68,"Masters or Doctoral","11","Pacific",283326.8882,"sony"
62286.45225,47,"Some College","16","Pacific",75653.36494,"sony"
22220.17408,54,"Masters or Doctoral","3","East South Cental",450939.1686,"sony"
109549.431,56,"Some College","17","Pacific",462089.7915,"acer"
140697.3089,69,"Less than High School","20","East South Cental",255337.255,"sony"
46990.10958,73,"4-year college degree","4","West South Central",149942.844,"acer"
78483.73035,65,"4-year college degree","11","East South Cental",343226.2001,"sony"
43891.56968,77,"Masters or Doctoral","10","West South Central",161369.8533,"acer"
29482.81868,57,"High School Degree","14","New England",221367.0628,"sony"
150000,65,"High School Degree","20","Pacific",83166.3364,"sony"
150000,24,"Masters or Doctoral","5","Pacific",134339.3949,"sony"
76320.6989,57,"Less than High School","16","Mid-Atlantic",79991.18209,"acer"
37866.48004,32,"4-year college degree","6","Pacific",479665.9554,"sony"
136064.627,32,"Some College","18","West North Central",106617.9865,"sony"
150000,47,"Some College","5","West North Central",178552.4317,"sony"
37035.58845,64,"Less than High School","2","South Atlantic",430163.3555,"acer"
105028.0305,39,"Less than High School","9","West South Central",5e+05,"acer"
109770.4385,47,"4-year college degree","11","Pacific",333436.7546,"acer"
44066.05921,60,"Masters or Doctoral","10","East North Central",181206.0711,"sony"
139330.2229,73,"4-year college degree","6","Pacific",104040.5731,"sony"
103153.9899,79,"Less than High School","1","South Atlantic",204798.2576,"sony"
58690.88241,57,"Some College","3","East North Central",321606.6016,"sony"
30332.45658,67,"Masters or Doctoral","14","West South Central",475564.424,"acer"
90678.14951,43,"Some College","16","West South Central",319219.4426,"acer"
109644.3965,24,"4-year college degree","14","Pacific",358954.8191,"sony"
69005.20497,49,"High School Degree","3","East South Cental",18423.79355,"sony"
103922.428,23,"Masters or Doctoral","9","East South Cental",405893.2985,"sony"
106671.5149,58,"4-year college degree","15","New England",235590.7938,"acer"
80362.47045,38,"Masters or Doctoral","10","West North Central",407341.3584,"acer"
136687.0725,44,"Masters or Doctoral","15","East South Cental",330432.877,"sony"
72444.86473,60,"4-year college degree","18","East South Cental",489115.117,"acer"
132842.7175,36,"High School Degree","15","Mid-Atlantic",482720.4272,"sony"
116281.6741,25,"High School Degree","17","East South Cental",177293.9883,"sony"
68680.19767,48,"4-year college degree","1","West North Central",307693.5944,"sony"
141803.7458,66,"4-year college degree","8","South Atlantic",450088.3403,"sony"
65642.38258,54,"Masters or Doctoral","8","Pacific",453676.0102,"sony"
130499.2342,21,"Masters or Doctoral","10","Pacific",433286.9154,"sony"
140336.9426,38,"High School Degree","13","New England",400679.8107,"sony"
72328.47527,72,"High School Degree","7","South Atlantic",47160.61824,"acer"
134957.3552,74,"Less than High School","17","New England",118131.322,"sony"
143027.8673,53,"Some College","1","East North Central",100554.3806,"sony"
36400.71601,59,"Less than High School","6","Mountain",65093.18022,"sony"
26031.11306,56,"High School Degree","12","New England",338602.4266,"sony"
86207.88163,47,"Masters or Doctoral","12","South Atlantic",296202.7906,"acer"
117156.7887,75,"4-year college degree","9","East South Cental",300950.424,"sony"
76727.48056,39,"High School Degree","19","West South Central",371292.15,"acer"
31258.9147,42,"Less than High School","11","Mid-Atlantic",329506.3017,"sony"
57249.62632,54,"4-year college degree","14","West North Central",456410.2828,"sony"
92028.47682,61,"Less than High School","15","West North Central",465383.8523,"sony"
108852.6071,20,"Masters or Doctoral","5","Mountain",372467.6351,"sony"
47066.89583,57,"Some College","12","South Atlantic",287239.766,"sony"
140087.1515,27,"4-year college degree","2","East North Central",408892.538,"sony"
98730.46177,24,"Some College","15","West South Central",235430.1087,"sony"
132970.1554,24,"Masters or Doctoral","14","East South Cental",305754.0925,"sony"
28475.6638,73,"Masters or Doctoral","13","Pacific",442056.7281,"acer"
65863.8693,59,"High School Degree","9","Mid-Atlantic",90928.10954,"acer"
99123.218,52,"Some College","18","Mountain",460830.3093,"acer"
134388.9117,23,"4-year college degree","14","Pacific",162968.6109,"sony"
38376.14866,75,"Masters or Doctoral","2","Pacific",337329.5399,"acer"
135409.7267,79,"Less than High School","18","East North Central",173684.38,"sony"
94963.23312,54,"High School Degree","14","East North Central",291187.6177,"acer"
44002.26174,74,"Less than High School","18","Mountain",39683.38921,"acer"
33156.79718,73,"High School Degree","6","Mountain",63779.1544,"acer"
42245.67618,74,"4-year college degree","18","South Atlantic",137882.413,"acer"
54741.16061,21,"High School Degree","3","Mid-Atlantic",353096.4069,"acer"
44336.57202,21,"Masters or Doctoral","3","South Atlantic",437012.2897,"sony"
130659.5981,52,"High School Degree","10","Mountain",30504.0452,"sony"
44720.2626,53,"High School Degree","16","East South Cental",370786.5517,"sony"
80429.51797,74,"Less than High School","14","Mountain",159530.6301,"sony"
107568.8733,45,"4-year college degree","19","Pacific",439431.4756,"acer"
94639.32144,20,"4-year college degree","2","West South Central",26878.22524,"acer"
129171.0353,57,"High School Degree","7","West South Central",339736.3049,"sony"
58114.10186,21,"Less than High School","12","Mountain",392349.6145,"acer"
125838.8376,47,"Less than High School","7","New England",444088.8338,"sony"
93127.53473,74,"Masters or Doctoral","2","Mid-Atlantic",301543.5961,"sony"
120177.9575,70,"4-year college degree","6","South Atlantic",23141.75661,"sony"
97830.6173,32,"Some College","9","West North Central",467295.7564,"acer"
81126.70197,27,"High School Degree","6","Pacific",212711.4926,"acer"
46900.29866,62,"High School Degree","16","South Atlantic",439449.2165,"acer"
123337.2495,72,"4-year college degree","15","West North Central",129613.7401,"sony"
116201.3074,41,"Masters or Doctoral","18","Pacific",332684.1793,"sony"
91290.84638,47,"Some College","14","East North Central",135722.7905,"acer"
32892.23415,75,"Some College","20","West South Central",45224.38695,"acer"
76160.35773,56,"4-year college degree","10","West South Central",257279.7543,"acer"
124562.5583,53,"Less than High School","19","East South Cental",109415.0688,"sony"
52670.65248,79,"4-year college degree","12","Pacific",275263.4629,"acer"
65293.46058,35,"Less than High School","7","West North Central",313569.5485,"acer"
138856.3164,54,"High School Degree","2","West North Central",453773.0065,"sony"
122192.9496,38,"4-year college degree","10","Mountain",367631.963,"sony"
104630.4323,29,"4-year college degree","9","South Atlantic",240267.6185,"sony"
88095.77174,34,"High School Degree","12","New England",279258.3288,"acer"
98501.12792,69,"Some College","9","South Atlantic",48842.41293,"sony"
120640.235,50,"Some College","18","Mid-Atlantic",156087.3325,"acer"
129505.6701,42,"4-year college degree","20","New England",421986.4959,"sony"
118629.475,20,"Masters or Doctoral","17","East South Cental",462810.8779,"sony"
104505.4652,52,"4-year college degree","1","Mountain",94343.46315,"acer"
91571.54788,44,"Less than High School","13","East North Central",440917.4869,"acer"
81018.55222,75,"Some College","4","South Atlantic",18925.0021,"sony"
55898.16297,40,"4-year college degree","17","West South Central",276822.2457,"sony"
115011.2826,51,"Masters or Doctoral","6","West South Central",317254.9571,"acer"
55466.79765,54,"High School Degree","20","Mid-Atlantic",112109.5324,"sony"
92795.42117,66,"High School Degree","18","South Atlantic",6259.957775,"sony"
81294.36542,52,"High School Degree","10","West North Central",0,"acer"
135583.9408,69,"High School Degree","15","East North Central",271709.5145,"sony"
76283.84299,31,"Masters or Doctoral","3","West North Central",32158.2197,"acer"
51916.2733,69,"High School Degree","8","New England",353273.7069,"acer"
145612.598,51,"High School Degree","8","West North Central",301836.1751,"sony"
94497.95915,60,"Some College","9","Mid-Atlantic",86903.09391,"sony"
56960.46391,27,"High School Degree","8","West North Central",408452.2193,"acer"
124939.8202,80,"Less than High School","4","New England",293221.0326,"sony"
114654.9216,51,"Some College","14","West North Central",278072.8898,"acer"
22777.57836,62,"4-year college degree","3","West South Central",168640.5721,"sony"
147853.8663,50,"4-year college degree","3","West South Central",51088.15306,"sony"
140133.953,43,"Some College","18","East South Cental",265621.2205,"sony"
61514.01533,47,"High School Degree","16","West South Central",294983.0998,"sony"
150000,63,"4-year college degree","10","East North Central",425661.8952,"sony"
89890.52732,60,"Masters or Doctoral","9","East North Central",168720.4494,"acer"
101572.6946,46,"Less than High School","16","East South Cental",99340.76734,"acer"
78012.95122,39,"Masters or Doctoral","16","Pacific",494168.9638,"acer"
35598.05279,72,"Some College","10","East South Cental",306511.3851,"acer"
66046.75103,71,"Masters or Doctoral","20","Mid-Atlantic",358286.3147,"acer"
116475.5131,32,"Some College","3","West South Central",97237.90674,"sony"
58811.48085,39,"Some College","17","Pacific",428296.7706,"acer"
29107.42137,50,"Less than High School","5","Pacific",239135.9723,"sony"
88963.91817,70,"Less than High School","3","West North Central",142536.1708,"sony"
46959.12771,35,"Less than High School","7","East North Central",206404.021,"sony"
54103.22757,20,"4-year college degree","15","West South Central",111538.041,"acer"
32819.18562,80,"Less than High School","15","East South Cental",44074.96198,"acer"
83671.52437,67,"High School Degree","11","East South Cental",45509.71031,"sony"
99811.29813,69,"Some College","13","East South Cental",199408.4901,"sony"
71528.58927,47,"Less than High School","15","West South Central",359610.502,"sony"
50645.92335,47,"Masters or Doctoral","20","West North Central",41873.65888,"sony"
105962.6212,60,"Masters or Doctoral","11","East North Central",283231.9377,"sony"
145781.9156,26,"High School Degree","17","Pacific",0,"sony"
113794.8051,31,"High School Degree","3","New England",209477.6593,"sony"
142689.4799,50,"Less than High School","6","Pacific",44193.57978,"sony"
87101.78174,40,"4-year college degree","9","New England",301624.3259,"acer"
104060.8657,77,"Less than High School","14","New England",5e+05,"sony"
112649.4466,38,"Less than High School","1","Mid-Atlantic",32332.09015,"sony"
28317.07572,30,"Less than High School","16","Mid-Atlantic",286510.7891,"sony"
84838.81147,56,"Some College","4","South Atlantic",487484.2625,"acer"
121229.83,62,"High School Degree","8","South Atlantic",159753.8293,"sony"
58034.94861,51,"4-year college degree","4","Mountain",11789.20367,"sony"
87689.74697,49,"High School Degree","17","Pacific",293835.9857,"acer"
62086.15538,47,"Some College","16","Mountain",189275.7486,"sony"
143245.8031,45,"Masters or Doctoral","9","West North Central",490516.5085,"sony"
75703.55594,25,"High School Degree","14","Mountain",361376.3187,"acer"
28478.42707,36,"4-year college degree","12","East South Cental",442224.1549,"sony"
64949.80977,78,"Less than High School","13","Mountain",38560.28119,"acer"
133994.2555,43,"High School Degree","8","Pacific",386874.16,"sony"
34553.86447,25,"High School Degree","2","West North Central",238659.2727,"sony"
115979.234,32,"High School Degree","11","South Atlantic",293417.6628,"sony"
141721.6422,20,"Masters or Doctoral","3","South Atlantic",305502.492,"sony"
115849.1026,74,"Less than High School","11","Mid-Atlantic",59670.62227,"sony"
150000,34,"High School Degree","14","Pacific",186954.9518,"sony"
94309.77366,39,"Less than High School","13","New England",181923.981,"acer"
21491.65568,28,"High School Degree","1","New England",401584.2121,"sony"
44780.7596,63,"Masters or Doctoral","17","East South Cental",135774.1475,"acer"
56898.9843,20,"Masters or Doctoral","15","Mid-Atlantic",362385.1302,"acer"
37659.56249,58,"Less than High School","2","East South Cental",322274.9136,"sony"
21706.27816,21,"Less than High School","9","Pacific",95458.36773,"sony"
77244.35355,58,"Some College","9","East South Cental",499331.9336,"acer"
92617.03514,56,"Masters or Doctoral","1","Mountain",298942.8367,"acer"
61633.5168,24,"4-year college degree","17","West South Central",71009.97622,"acer"
115740.9794,70,"4-year college degree","9","Mid-Atlantic",40744.8233,"sony"
85044.19908,41,"Some College","14","Mountain",151978.3363,"acer"
37259.5375,33,"4-year college degree","8","Mountain",376173.5875,"sony"
26592.62223,37,"Less than High School","11","Pacific",367005.6485,"sony"
25612.16211,56,"Less than High School","11","South Atlantic",408181.7856,"sony"
94584.75306,80,"Masters or Doctoral","14","West North Central",40707.23006,"sony"
67405.79045,44,"Masters or Doctoral","6","Mid-Atlantic",5e+05,"sony"
27632.42213,72,"Some College","2","East North Central",224595.8007,"acer"
41535.0995,80,"Some College","3","East South Cental",378273.1889,"acer"
146871.3653,57,"4-year college degree","14","South Atlantic",330876.0852,"sony"
60169.44614,71,"High School Degree","7","Mountain",165327.627,"acer"
90654.05978,61,"Less than High School","9","East South Cental",79770.08152,"sony"
46137.10471,41,"High School Degree","20","East North Central",271616.9791,"sony"
41379.61441,40,"Less than High School","20","New England",65641.30156,"sony"
82081.56063,62,"Masters or Doctoral","17","Mid-Atlantic",417279.9607,"sony"
124912.4884,77,"Less than High School","11","New England",344240.1085,"sony"
89944.84523,42,"Some College","20","Mountain",261937.94,"acer"
65668.30698,73,"Less than High School","19","New England",209625.5612,"acer"
28662.39571,64,"Masters or Doctoral","13","Pacific",118241.0303,"acer"
68256.01678,51,"4-year college degree","11","Mountain",307741.8081,"sony"
130235.4456,76,"High School Degree","3","New England",27372.15,"sony"
88149.882,66,"Masters or Doctoral","11","South Atlantic",440103.6174,"sony"
90778.18681,34,"Masters or Doctoral","14","West North Central",0,"acer"
44371.96224,60,"Masters or Doctoral","20","New England",321115.0116,"sony"
27997.80145,39,"High School Degree","3","West South Central",256836.8822,"sony"
141835.0185,38,"Less than High School","18","Mid-Atlantic",364016.0935,"sony"
138232.8495,66,"High School Degree","19","East North Central",263329.7291,"sony"
138425.6903,46,"4-year college degree","2","East North Central",480667.8026,"sony"
33960.13145,20,"Less than High School","11","South Atlantic",260046.3214,"sony"
115922.4049,20,"High School Degree","18","South Atlantic",214174.1889,"sony"
133289.9455,26,"Some College","17","South Atlantic",204590.3685,"sony"
94392.77089,42,"4-year college degree","20","New England",322656.4023,"acer"
149085.8809,56,"Masters or Doctoral","3","South Atlantic",55064.5001,"sony"
76445.11021,30,"Some College","12","Pacific",347629.5788,"acer"
144220.5253,54,"4-year college degree","10","South Atlantic",350785.4177,"sony"
54500.23196,58,"4-year college degree","18","South Atlantic",23688.4868,"sony"
114392.5136,73,"Masters or Doctoral","1","East North Central",490029.3842,"sony"
115100.9052,41,"High School Degree","19","West North Central",43592.86328,"acer"
49701.24333,37,"4-year college degree","13","East North Central",84725.75549,"sony"
110166.0337,79,"4-year college degree","16","East North Central",118087.7802,"sony"
150000,23,"4-year college degree","16","South Atlantic",390932.1977,"sony"
83526.52034,80,"Less than High School","18","East North Central",79306.64901,"sony"
25404.39786,62,"Less than High School","10","Mid-Atlantic",462651.3295,"acer"
55420.30641,54,"High School Degree","19","Mid-Atlantic",123874.9116,"sony"
27574.45111,22,"Less than High School","3","East South Cental",303397.2307,"sony"
104390.0993,22,"High School Degree","5","Mountain",416770.1188,"sony"
123995.596,52,"Masters or Doctoral","12","New England",384008.151,"acer"
28211.12778,59,"Masters or Doctoral","3","Mid-Atlantic",441457.2025,"sony"
126205.4211,40,"Less than High School","20","West South Central",204720.4208,"sony"
142792.1566,28,"High School Degree","20","Mid-Atlantic",375475.0921,"sony"
108893.386,51,"Less than High School","16","South Atlantic",233210.5846,"acer"
67249.30964,26,"Some College","4","West South Central",144386.689,"acer"
20000,27,"High School Degree","3","Mid-Atlantic",425277.2333,"sony"
113777.8395,53,"Less than High School","20","Mid-Atlantic",174923.5272,"acer"
84132.53708,74,"Less than High School","16","East North Central",71642.38833,"sony"
103685.1554,34,"Less than High School","1","West South Central",335027.9812,"sony"
54259.96291,67,"Some College","16","Pacific",262759.551,"acer"
123685.5817,22,"Some College","18","East South Cental",243687.9449,"sony"
79231.69546,61,"4-year college degree","4","New England",306852.4384,"sony"
50957.76301,67,"Some College","15","Mid-Atlantic",365046.8171,"acer"
88235.36273,75,"Masters or Doctoral","9","New England",286208.0273,"sony"
23619.40668,66,"Masters or Doctoral","7","Mid-Atlantic",333353.9099,"acer"
120528.2407,66,"Less than High School","13","Mountain",230754.1425,"sony"
110952.728,34,"High School Degree","3","Mountain",306054.3891,"sony"
148162.5743,62,"Masters or Doctoral","12","West South Central",185306.2105,"sony"
56841.79332,20,"4-year college degree","1","New England",238934.8396,"acer"
116850.789,71,"Some College","6","East North Central",2565.997266,"sony"
131603.6652,28,"High School Degree","7","East North Central",145417.1712,"sony"
57674.76751,77,"Less than High School","9","Mid-Atlantic",341315.1441,"acer"
96805.32514,66,"Less than High School","5","East North Central",251971.8512,"sony"
109709.121,54,"Some College","7","Pacific",140183.1926,"acer"
72404.29003,80,"Some College","4","West North Central",116343.8745,"acer"
116329.2434,80,"High School Degree","19","New England",192938.1,"sony"
110823.8644,52,"4-year college degree","20","New England",165434.1265,"acer"
27058.82242,45,"Masters or Doctoral","20","West South Central",491288.0294,"sony"
105768.0851,67,"High School Degree","10","Pacific",89153.62784,"sony"
45975.07738,53,"Masters or Doctoral","20","West North Central",247811.9412,"sony"
62034.00205,53,"Masters or Doctoral","19","West South Central",294412.1058,"sony"
74061.9728,37,"Some College","9","Mountain",37091.2257,"acer"
118673.7803,30,"4-year college degree","10","Mid-Atlantic",279546.7564,"sony"
86067.36439,57,"Some College","1","East South Cental",195365.182,"acer"
80271.03623,26,"4-year college degree","1","New England",469232.5438,"acer"
69750.18431,29,"Less than High School","15","South Atlantic",460676.8248,"acer"
140696.5128,72,"Some College","15","East North Central",43482.56433,"sony"
20000,71,"Masters or Doctoral","20","West South Central",160431.6192,"sony"
121668.7765,76,"High School Degree","7","East South Cental",423224.3192,"sony"
147674.7419,37,"Less than High School","4","East South Cental",311276.8611,"sony"
117259.3178,77,"Masters or Doctoral","19","East North Central",45861.4594,"sony"
74211.03486,35,"High School Degree","11","Mountain",457536.9178,"acer"
144497.5299,65,"Masters or Doctoral","5","East North Central",325480.5951,"sony"
69993.68646,36,"Some College","19","Pacific",477932.1756,"acer"
27222.15308,76,"4-year college degree","6","East North Central",78773.33423,"sony"
42081.26955,54,"Masters or Doctoral","2","Pacific",471944.4666,"sony"
142447.2277,66,"High School Degree","20","East South Cental",437167.5618,"sony"
29042.65887,40,"Some College","20","East South Cental",371297.3248,"sony"
72672.82737,59,"Masters or Doctoral","18","New England",20104.90079,"sony"
132749.2267,52,"Less than High School","13","West South Central",20686.6572,"sony"
79041.48257,34,"Masters or Doctoral","20","South Atlantic",309468.4932,"acer"
24594.37263,52,"Masters or Doctoral","19","West North Central",365043.027,"sony"
130450.1865,24,"Less than High School","10","West North Central",208524.1612,"sony"
77762.21643,40,"4-year college degree","6","Pacific",228343.8625,"acer"
59242.2822,28,"High School Degree","3","East North Central",255444.3977,"acer"
128529.6684,79,"Masters or Doctoral","3","New England",479273.6042,"sony"
36015.09618,78,"High School Degree","15","South Atlantic",332840.8839,"acer"
120064.6084,57,"Less than High School","4","New England",32081.47114,"acer"
120712.6079,54,"Masters or Doctoral","4","Mountain",400194.3319,"acer"
70144.55098,23,"Less than High School","17","East North Central",37175.53096,"acer"
90139.64122,50,"4-year college degree","12","East North Central",309478.7524,"acer"
82535.30447,63,"Masters or Doctoral","6","South Atlantic",131765.6055,"sony"
95838.11146,47,"High School Degree","19","West North Central",383513.0193,"acer"
144665.321,30,"Masters or Doctoral","20","Mountain",292523.7339,"sony"
145365.4255,33,"High School Degree","20","Mid-Atlantic",454562.2318,"sony"
98407.75385,64,"High School Degree","6","East South Cental",311445.6856,"sony"
117297.6486,66,"Masters or Doctoral","2","East South Cental",99278.95584,"sony"
78034.93093,37,"Masters or Doctoral","7","Pacific",180507.9191,"acer"
109779.6719,28,"4-year college degree","8","East North Central",93.361001,"sony"
89722.20091,46,"High School Degree","1","Mountain",83750.31227,"acer"
44933.60124,28,"4-year college degree","12","East North Central",352530.1817,"sony"
143307.2108,22,"4-year college degree","17","South Atlantic",240261.3271,"sony"
52281.74671,77,"High School Degree","7","South Atlantic",326685.6957,"acer"
143129.062,26,"Some College","20","West South Central",409404.5811,"sony"
39528.6693,40,"Less than High School","11","East North Central",115235.5237,"sony"
53242.32549,34,"Some College","4","South Atlantic",187637.1597,"acer"
138391.1606,46,"Less than High School","2","Mid-Atlantic",447382.5141,"sony"
21046.09797,41,"4-year college degree","16","Mountain",365159.658,"sony"
30829.25768,44,"High School Degree","5","New England",157922.2798,"sony"
56151.05958,23,"High School Degree","15","South Atlantic",258053.9202,"acer"
46953.76503,24,"4-year college degree","2","East North Central",262562.0651,"sony"
66588.40091,56,"High School Degree","5","Pacific",429772.043,"sony"
61257.61552,25,"Some College","15","Mid-Atlantic",0,"acer"
48899.53236,80,"Masters or Doctoral","1","South Atlantic",330900.612,"acer"
136020.4459,74,"Less than High School","20","New England",331887.3166,"sony"
99452.78296,80,"Less than High School","3","New England",393980.7827,"sony"
81407.70506,42,"Less than High School","4","Mid-Atlantic",63446.05556,"acer"
80937.58386,66,"High School Degree","16","Mountain",227918.5692,"sony"
128127.4633,75,"Less than High School","13","South Atlantic",358569.814,"sony"
121910.85,24,"Some College","13","West North Central",27998.09392,"sony"
107933.893,56,"4-year college degree","16","East North Central",167272.1445,"acer"
51486.86967,72,"Less than High School","19","South Atlantic",8461.167686,"acer"
55251.54674,43,"4-year college degree","3","East South Cental",485076.0624,"sony"
38826.84206,42,"Some College","10","East North Central",319274.2273,"sony"
95754.18663,80,"High School Degree","5","Mid-Atlantic",419586.6942,"sony"
135922.9055,41,"4-year college degree","19","South Atlantic",398687.9483,"sony"
44363.94357,67,"High School Degree","14","Mountain",181443.1068,"acer"
113170.9421,62,"4-year college degree","3","South Atlantic",247046.1237,"sony"
146553.9409,58,"4-year college degree","5","New England",481848.2147,"sony"
136977.2332,72,"Some College","10","East North Central",168281.2489,"sony"
130132.5346,45,"High School Degree","15","Mid-Atlantic",290579.532,"sony"
114599.0163,20,"Less than High School","12","Mid-Atlantic",440008.8154,"sony"
32476.95175,33,"High School Degree","7","East South Cental",170127.4842,"sony"
68356.56222,67,"Masters or Doctoral","6","East South Cental",104758.6214,"acer"
136823.2248,63,"High School Degree","15","West South Central",461505.9098,"sony"
63129.29997,54,"Masters or Doctoral","16","Mountain",154574.0691,"sony"
98927.2819,63,"4-year college degree","12","West South Central",79771.36103,"sony"
148031.7066,55,"High School Degree","6","Mid-Atlantic",229187.5995,"sony"
97405.16995,75,"Masters or Doctoral","14","East North Central",375384.0679,"sony"
140369.3629,45,"Masters or Doctoral","19","South Atlantic",282628.8631,"sony"
26402.67787,71,"Some College","6","Mountain",161139.6894,"acer"
134145.4133,74,"High School Degree","2","East South Cental",224128.9648,"sony"
77075.71302,21,"4-year college degree","13","Mountain",345212.4325,"acer"
44286.91696,46,"4-year college degree","9","New England",26422.46821,"sony"
132436.0913,55,"Less than High School","2","East North Central",424516.9739,"sony"
46010.21859,22,"Some College","16","West North Central",5e+05,"sony"
63108.75042,69,"Masters or Doctoral","16","East North Central",404874.8927,"acer"
127565.5929,75,"Less than High School","11","West South Central",79264.23262,"sony"
70705.15303,47,"High School Degree","7","South Atlantic",47282.92019,"sony"
150000,71,"Masters or Doctoral","6","South Atlantic",436255.9033,"sony"
37555.73403,57,"Masters or Doctoral","4","Pacific",397480.9583,"sony"
118523.5748,35,"High School Degree","15","Mountain",318080.5755,"sony"
61339.06874,72,"Masters or Doctoral","17","Mountain",54282.72291,"acer"
106447.7675,36,"Masters or Doctoral","4","West South Central",293898.8954,"sony"
59076.79985,55,"Some College","14","East North Central",225971.8378,"sony"
103394.6601,60,"High School Degree","8","Mid-Atlantic",105843.6538,"sony"
144059.2945,49,"Some College","13","Pacific",201621.5376,"sony"
43059.46784,41,"High School Degree","18","Pacific",202985.6342,"sony"
35711.48855,79,"Less than High School","6","West North Central",482268.4687,"acer"
53937.08162,48,"Some College","10","West North Central",317818.689,"sony"
26812.0596,22,"Some College","20","Mountain",306874.1201,"sony"
43370.61957,62,"Some College","15","South Atlantic",138185.9331,"acer"
37163.80909,64,"4-year college degree","16","East North Central",189684.0175,"acer"
139585.3677,48,"High School Degree","18","West North Central",490340.69,"sony"
72700.59075,42,"Less than High School","7","West South Central",51049.25453,"acer"
64833.46374,45,"Some College","2","South Atlantic",112352.8515,"sony"
138999.8191,28,"Masters or Doctoral","4","East North Central",391111.3551,"sony"
82777.49797,80,"High School Degree","1","East North Central",373093.4231,"sony"
72199.05185,51,"Masters or Doctoral","16","East South Cental",98651.15219,"sony"
28926.58244,80,"Masters or Doctoral","18","East North Central",114886.7106,"acer"
41213.16825,53,"High School Degree","11","Mountain",114388.894,"sony"
83148,59,"Some College","13","East South Cental",329705.6611,"acer"
89885.64894,59,"4-year college degree","16","West South Central",137888.1177,"acer"
67119.59468,64,"4-year college degree","2","Pacific",98769.27161,"acer"
108691.2916,44,"4-year college degree","13","South Atlantic",490927.134,"acer"
53369.3223,67,"Some College","11","West North Central",288916.9453,"acer"
49701.27031,20,"Masters or Doctoral","17","West North Central",0,"sony"
111583.6242,22,"High School Degree","11","East South Cental",381556.4175,"sony"
24610.15527,63,"Masters or Doctoral","9","West North Central",104807.4994,"sony"
23302.05755,60,"Masters or Doctoral","20","West North Central",300260.1407,"acer"
91987.20318,51,"Some College","13","Mountain",460895.7668,"acer"
128900.5989,80,"4-year college degree","16","West South Central",250889.0817,"sony"
33834.07956,50,"Masters or Doctoral","4","East South Cental",445594.1638,"sony"
67984.5692,48,"Less than High School","11","New England",355412.3125,"sony"
84016.61896,54,"4-year college degree","19","South Atlantic",288951.6631,"acer"
59247.70218,80,"Less than High School","9","Mountain",453664.9332,"acer"
113962.1566,80,"Some College","4","East South Cental",5e+05,"sony"
29556.86549,69,"Masters or Doctoral","18","New England",223277.2179,"acer"
109041.9633,36,"Less than High School","15","South Atlantic",44896.12361,"sony"
84238.91746,48,"High School Degree","2","Pacific",182878.1858,"acer"
68674.08579,72,"4-year college degree","7","East South Cental",316234.8111,"acer"
136709.863,63,"4-year college degree","15","South Atlantic",457629.7859,"sony"
58345.47566,23,"Some College","4","East South Cental",334304.8981,"acer"
91396.68047,24,"Less than High School","18","East South Cental",26597.96566,"acer"
57663.28653,59,"High School Degree","10","Mid-Atlantic",346847.7629,"acer"
59821.14144,23,"4-year college degree","19","West South Central",194678.7109,"acer"
33258.92874,61,"Masters or Doctoral","9","East South Cental",137904.349,"acer"
115226.3597,54,"Some College","14","East North Central",211391.07,"acer"
119179.6315,65,"Less than High School","3","South Atlantic",389677.4414,"sony"
34346.60288,42,"Masters or Doctoral","16","South Atlantic",192806.5838,"sony"
89417.39243,43,"4-year college degree","6","West North Central",386220.016,"acer"
88927.9212,47,"Some College","11","South Atlantic",497070.716,"acer"
61927.44993,60,"4-year college degree","1","East South Cental",149320.2728,"acer"
84335.54108,73,"High School Degree","13","New England",262014.7736,"sony"
68304.29566,42,"4-year college degree","15","Pacific",205281.8188,"sony"
86695.85164,23,"Some College","7","Mid-Atlantic",24524.73208,"acer"
97239.21497,53,"Masters or Doctoral","16","Mid-Atlantic",474343.6085,"acer"
94579.24724,30,"High School Degree","18","Pacific",435746.6529,"acer"
133419.8898,21,"Less than High School","7","New England",342341.8266,"sony"
52289.40163,34,"Some College","13","East South Cental",238291.1913,"acer"
81654.69851,27,"4-year college degree","9","Mountain",76870.68028,"acer"
112741.3292,42,"Less than High School","1","West South Central",99249.04636,"acer"
150000,56,"Some College","17","South Atlantic",387542.1802,"sony"
142437.3476,22,"High School Degree","17","East South Cental",62597.81404,"sony"
100849.8822,26,"4-year college degree","4","New England",266220.0051,"sony"
26578.45105,23,"Less than High School","13","South Atlantic",171474.4571,"sony"
64460.25018,58,"4-year college degree","14","New England",79875.22307,"sony"
63250.17556,26,"Masters or Doctoral","4","West North Central",14216.32712,"acer"
78664.39842,68,"Masters or Doctoral","3","East North Central",419538.0994,"sony"
99370.19834,26,"Some College","17","West North Central",59650.29606,"sony"
131031.3648,65,"Some College","19","West North Central",279493.3332,"sony"
26647.00351,53,"High School Degree","17","West South Central",475438.9136,"sony"
43268.73211,72,"4-year college degree","12","New England",293621.7485,"acer"
114924.139,22,"Masters or Doctoral","12","South Atlantic",10983.06175,"sony"
38902.60546,62,"High School Degree","1","West South Central",367108.2938,"acer"
25257.39885,70,"Some College","13","West North Central",26589.88636,"acer"
37916.75289,46,"Some College","17","East South Cental",167512.203,"sony"
60437.2712,22,"Some College","19","South Atlantic",390972.1018,"acer"
137798.7091,23,"High School Degree","13","Mountain",169766.932,"sony"
34370.14566,69,"High School Degree","19","New England",159286.9741,"acer"
129504.8783,69,"4-year college degree","2","Mid-Atlantic",391198.9568,"sony"
56049.66407,59,"4-year college degree","6","East South Cental",328767.1131,"acer"
148864.6865,24,"Masters or Doctoral","20","New England",187968.1802,"sony"
69795.57995,26,"Some College","10","West South Central",384133.6511,"acer"
76123.79915,26,"Some College","3","West South Central",198435.9279,"acer"
144366.9409,59,"Less than High School","4","New England",209593.3619,"sony"
47149.87992,78,"Less than High School","18","East North Central",195791.2424,"acer"
72789.17213,55,"Less than High School","19","South Atlantic",252936.4019,"sony"
92162.6703,31,"Masters or Doctoral","8","South Atlantic",379132.7785,"acer"
116333.815,63,"Less than High School","12","East South Cental",50082.61865,"sony"
125382.2984,47,"Less than High School","4","South Atlantic",179738.4838,"acer"
30848.73521,51,"High School Degree","10","Pacific",96843.26583,"sony"
84230.8414,74,"Masters or Doctoral","15","West South Central",476535.174,"sony"
98512.68771,79,"4-year college degree","19","East South Cental",241783.8614,"sony"
70378.52034,80,"Some College","5","Pacific",132631.1937,"acer"
56656.42659,75,"High School Degree","17","Pacific",253036.4844,"acer"
23268.64969,40,"Less than High School","16","East North Central",404816.9558,"sony"
20000,79,"Less than High School","16","East South Cental",111936.5024,"sony"
24381.7731,23,"High School Degree","2","New England",462052.4339,"sony"
85144.20944,74,"Masters or Doctoral","17","Mid-Atlantic",185437.6014,"sony"
33562.17317,75,"Masters or Doctoral","10","East South Cental",224080.6514,"acer"
112993.1103,57,"4-year college degree","16","East South Cental",325124.8495,"acer"
53956.16715,59,"Less than High School","19","South Atlantic",345925.0689,"acer"
86529.30837,35,"High School Degree","18","East North Central",65411.1111,"acer"
42799.73122,47,"Less than High School","3","Mountain",91405.20702,"sony"
40580.83824,52,"Some College","19","New England",457355.8474,"sony"
126289.7241,40,"Some College","18","East North Central",425949.924,"sony"
106879.7626,73,"4-year college degree","6","Pacific",306411.7997,"sony"
115283.7124,20,"Some College","3","East North Central",100045.6075,"sony"
109270.4047,46,"Masters or Doctoral","1","New England",258753.4519,"acer"
100956.3053,71,"4-year college degree","13","West South Central",168451.1825,"sony"
32511.44611,50,"Masters or Doctoral","17","West North Central",274416.8413,"sony"
97910.6968,43,"4-year college degree","9","South Atlantic",184430.5295,"acer"
25073.37289,26,"4-year college degree","9","New England",452195.8745,"sony"
81192.71102,51,"Masters or Doctoral","17","Mountain",368639.208,"acer"
80104.98084,33,"Less than High School","18","Mountain",283054.6626,"acer"
142169.3522,75,"4-year college degree","8","Pacific",268074.4783,"sony"
24442.90118,74,"4-year college degree","4","Pacific",85484.57756,"sony"
70424.6702,27,"Less than High School","3","West North Central",103201.7256,"acer"
33204.45782,48,"High School Degree","15","East South Cental",24761.97406,"sony"
120322.6904,77,"Masters or Doctoral","5","West North Central",204728.5562,"sony"
128951.7229,20,"4-year college degree","13","Pacific",441455.0671,"sony"
42390.08752,49,"4-year college degree","2","New England",185338.8591,"sony"
125528.8991,21,"Masters or Doctoral","8","East North Central",298400.2456,"sony"
117236.9859,20,"4-year college degree","16","East North Central",208623.0831,"sony"
120665.9652,28,"4-year college degree","14","Pacific",474569.7189,"sony"
25117.06247,72,"Masters or Doctoral","8","West North Central",413167.8557,"acer"
138774.6702,26,"Less than High School","12","Mountain",354597.2821,"sony"
143427.4998,26,"Some College","18","Pacific",47122.54191,"sony"
37289.35068,47,"4-year college degree","15","East North Central",424987.4419,"sony"
80467.69337,27,"Masters or Doctoral","10","West South Central",385566.9914,"acer"
108874.5631,76,"Less than High School","12","West South Central",332332.51,"sony"
91315.10049,22,"Masters or Doctoral","4","East South Cental",330024.7144,"acer"
145218.0232,37,"Less than High School","1","New England",416934.2433,"sony"
25373.07501,25,"High School Degree","5","Mid-Atlantic",465053.347,"sony"
38418.55034,46,"High School Degree","18","East North Central",92637.90127,"sony"
105893.1277,60,"Some College","19","East North Central",298627.6529,"sony"
113038.9025,46,"Some College","4","West South Central",192180.7882,"acer"
36344.77607,69,"High School Degree","14","West North Central",137269.0953,"acer"
62171.79517,22,"High School Degree","18","West North Central",389390.3597,"acer"
57182.26921,59,"High School Degree","8","Mid-Atlantic",191830.4176,"sony"
51918.13348,66,"Masters or Doctoral","11","West South Central",383375.6145,"acer"
112960.1875,76,"Less than High School","18","Mid-Atlantic",262784.6351,"sony"
137840.2115,77,"Some College","4","West South Central",452448.7783,"sony"
34545.11118,59,"Less than High School","4","Mid-Atlantic",262199.662,"sony"
141871.0997,32,"High School Degree","11","Pacific",105015.6228,"sony"
59609.26907,60,"Less than High School","16","West North Central",28681.09839,"acer"
117283.1586,25,"Some College","7","Mountain",145295.3354,"sony"
91791.76374,70,"Less than High School","13","Mid-Atlantic",14157.71959,"sony"
55237.70329,72,"High School Degree","2","East North Central",463175.4606,"acer"
149663.9647,70,"High School Degree","9","East South Cental",195346.1109,"sony"
143567.7703,50,"Masters or Doctoral","1","East South Cental",216271.6642,"sony"
101156.47,45,"Some College","12","Mountain",116185.9032,"acer"
45509.65057,53,"4-year college degree","10","South Atlantic",380862.8189,"sony"
108186.2389,24,"High School Degree","20","New England",234602.1767,"sony"
78054.59731,77,"4-year college degree","14","West South Central",235698.9964,"sony"
72335.60646,41,"High School Degree","12","West North Central",5e+05,"sony"
93188.55849,44,"4-year college degree","11","Mid-Atlantic",116258.6383,"acer"
105676.7651,59,"Some College","7","Mid-Atlantic",492934.598,"acer"
146364.8758,70,"4-year college degree","6","West South Central",308186.1381,"sony"
81154.14759,21,"Masters or Doctoral","13","West North Central",20999.17936,"acer"
124980.4601,52,"4-year college degree","20","Mid-Atlantic",78001.68503,"acer"
145424.607,24,"4-year college degree","10","Pacific",75613.79538,"sony"
26285.82268,53,"High School Degree","12","Mountain",2989.598831,"sony"
121443.4461,20,"4-year college degree","3","East North Central",388220.9674,"sony"
37442.5707,60,"Less than High School","9","East South Cental",236570.7488,"acer"
123484.5702,54,"Less than High School","5","South Atlantic",467215.4087,"acer"
91374.0646,27,"Some College","15","Pacific",258864.3088,"acer"
71169.79039,49,"Some College","7","East South Cental",291794.9243,"sony"
108965.1259,54,"4-year college degree","16","New England",383422.6612,"acer"
44729.90941,43,"High School Degree","20","Pacific",64749.82112,"sony"
93443.49431,65,"Masters or Doctoral","12","Mountain",29270.45146,"sony"
34422.24679,61,"High School Degree","7","New England",250462.4918,"acer"
40581.59026,41,"4-year college degree","6","West South Central",417770.4843,"sony"
41977.36451,76,"High School Degree","12","South Atlantic",216753.0358,"acer"
109871.7338,69,"High School Degree","15","West South Central",232791.1973,"sony"
84233.96401,54,"Masters or Doctoral","18","Pacific",128992.953,"acer"
92406.84389,45,"Less than High School","20","Pacific",160218.3839,"acer"
36849.23684,70,"Masters or Doctoral","20","West North Central",17680.29986,"acer"
95319.75499,66,"Masters or Doctoral","19","East North Central",406650.6123,"sony"
72017.04593,48,"Masters or Doctoral","4","South Atlantic",19172.94348,"sony"
92542.78787,51,"4-year college degree","20","East South Cental",194036.5167,"acer"
35802.48186,67,"Masters or Doctoral","4","South Atlantic",282687.4377,"acer"
65694.35281,25,"Less than High School","9","New England",6943.028646,"acer"
142789.8552,45,"High School Degree","16","New England",22844.70642,"sony"
141686.8952,42,"Masters or Doctoral","9","Mountain",203778.1991,"sony"
149767.1948,44,"Less than High School","3","Mountain",388308.0984,"sony"
78514.58003,55,"High School Degree","9","Mid-Atlantic",68474.62186,"acer"
113094.3373,26,"Less than High School","16","Pacific",0,"sony"
67302.18209,38,"High School Degree","8","Mid-Atlantic",427609.4411,"acer"
50166.71099,66,"4-year college degree","18","Mid-Atlantic",0,"acer"
85844.1379,64,"4-year college degree","7","West North Central",464691.9614,"sony"
62227.97697,42,"High School Degree","18","Mountain",120560.7717,"sony"
38398.98572,48,"High School Degree","6","West South Central",147354.1678,"sony"
129568.3169,40,"Some College","19","New England",249793.6154,"sony"
55665.94862,50,"Some College","12","South Atlantic",395838.6838,"sony"
63542.64801,42,"High School Degree","8","West North Central",434354.8085,"sony"
56948.83238,75,"Masters or Doctoral","20","South Atlantic",448994.4745,"acer"
118861.6375,58,"High School Degree","16","South Atlantic",416539.2957,"acer"
30960.48012,33,"Less than High School","1","West South Central",454564.1581,"sony"
88190.09558,21,"Some College","14","Mid-Atlantic",152375.8298,"acer"
111693.2673,31,"Some College","8","East South Cental",185900.9077,"sony"
80576.06272,66,"Less than High School","15","Pacific",121368.4934,"sony"
34368.41975,29,"4-year college degree","3","South Atlantic",12625.25997,"sony"
132570.5593,73,"High School Degree","4","East North Central",0,"sony"
95905.74035,52,"High School Degree","14","East South Cental",193763.9331,"acer"
61317.05075,65,"High School Degree","11","New England",218962.8024,"acer"
21828.99509,41,"Some College","17","West North Central",437819.4462,"sony"
132422.0268,52,"Masters or Doctoral","11","East South Cental",153228.5473,"sony"
131990.9438,65,"High School Degree","4","West North Central",455898.0022,"sony"
44672.96788,27,"Less than High School","14","West South Central",65521.49348,"sony"
117934.7756,25,"Some College","4","East South Cental",444100.3173,"sony"
110057.722,47,"Masters or Doctoral","13","New England",164271.4287,"acer"
55541.80102,23,"Some College","18","West North Central",291891.6361,"acer"
51284.08333,30,"Some College","2","West South Central",233067.4007,"sony"
124154.1401,46,"High School Degree","18","West North Central",245915.5127,"acer"
56143.05246,70,"High School Degree","12","Mountain",106609.3267,"acer"
131528.9953,43,"Masters or Doctoral","7","New England",266317.1,"sony"
108929.2224,76,"Some College","13","East South Cental",72663.81217,"sony"
47742.38069,27,"4-year college degree","18","New England",218089.2001,"sony"
107998.7182,49,"High School Degree","5","West North Central",151818.3195,"acer"
86638.14339,63,"4-year college degree","1","West North Central",273306.6982,"sony"
78986.85471,44,"High School Degree","12","East North Central",389704.4156,"acer"
67911.7705,71,"Masters or Doctoral","13","Mid-Atlantic",299119.0913,"acer"
148126.2669,31,"Masters or Doctoral","12","Mountain",333183.5676,"sony"
136877.8429,38,"High School Degree","8","West North Central",106520.7604,"sony"
143461.6519,78,"Less than High School","9","Mountain",176590.9753,"sony"
66408.48211,30,"High School Degree","15","New England",260339.1954,"acer"
41937.84129,37,"High School Degree","15","East South Cental",29517.90051,"sony"
21466.78842,55,"Some College","7","East North Central",227351.9589,"sony"
134667.3771,54,"Masters or Doctoral","18","New England",51224.85846,"sony"
120783.718,66,"Masters or Doctoral","11","West South Central",281918.505,"sony"
150000,35,"Less than High School","15","West North Central",325174.2915,"sony"
48415.14441,63,"High School Degree","1","Mountain",47614.02344,"acer"
112570.1278,46,"Masters or Doctoral","13","Mountain",87225.27693,"acer"
85176.92947,30,"4-year college degree","9","East South Cental",40253.33982,"acer"
49507.19164,41,"Less than High School","18","Pacific",408629.2916,"sony"
96005.93185,32,"4-year college degree","16","Mountain",383264.6262,"acer"
85029.43416,34,"Masters or Doctoral","5","New England",54887.52139,"acer"
56788.28763,27,"4-year college degree","20","East North Central",407945.3155,"acer"
91115.25501,24,"Masters or Doctoral","5","New England",365238.2937,"acer"
106645.2039,64,"Masters or Doctoral","2","West North Central",261567.1326,"sony"
112447.754,77,"Masters or Doctoral","6","South Atlantic",361543.9773,"sony"
52728.42482,30,"Masters or Doctoral","2","South Atlantic",248922.4867,"acer"
109190.1248,58,"High School Degree","3","Mountain",369096.3481,"acer"
120612.4134,79,"Less than High School","2","Mid-Atlantic",64207.83205,"sony"
75327.39228,46,"4-year college degree","13","Pacific",27546.18858,"acer"
96886.72345,37,"High School Degree","14","Mountain",455590.6187,"acer"
127569.9457,52,"Some College","4","South Atlantic",168937.1781,"acer"
119655.5705,33,"Masters or Doctoral","5","East South Cental",124704.5577,"sony"
124984.2497,66,"Some College","13","East South Cental",195591.9099,"sony"
95078.57756,20,"Masters or Doctoral","11","Pacific",173068.879,"acer"
117572.1414,24,"Masters or Doctoral","9","Mountain",356845.7181,"sony"
127860.582,41,"Masters or Doctoral","10","Mid-Atlantic",1031.239496,"sony"
98923.80511,60,"4-year college degree","6","New England",492425.0394,"sony"
54764.08587,80,"Less than High School","4","Pacific",414085.819,"acer"
99103.62853,28,"Some College","13","West North Central",254216.0519,"sony"
109175.7189,76,"Masters or Doctoral","19","West South Central",347961.6579,"sony"
77155.81335,30,"Some College","1","West North Central",77663.58833,"acer"
119629.9439,69,"Masters or Doctoral","8","South Atlantic",362826.6333,"sony"
109278.6257,43,"High School Degree","9","Pacific",406552.9465,"acer"
55472.00061,30,"Some College","10","Pacific",97762.32951,"acer"
46469.71316,79,"4-year college degree","2","Mountain",409556.4725,"acer"
28468.26957,20,"4-year college degree","1","West South Central",484452.4669,"sony"
32912.03482,28,"High School Degree","2","West South Central",476358.5494,"sony"
52973.13402,64,"High School Degree","17","Mountain",172328.4377,"acer"
42499.23584,70,"Some College","12","Pacific",402438.2918,"acer"
91323.76951,66,"Masters or Doctoral","19","East North Central",366018.0249,"sony"
34982.16944,49,"4-year college degree","7","East South Cental",42965.56599,"sony"
40472.56318,75,"Less than High School","6","New England",198786.7205,"acer"
30733.96687,58,"Masters or Doctoral","14","Pacific",71302.39037,"sony"
75086.73655,47,"Less than High School","19","Pacific",312646.1146,"acer"
100281.0959,41,"High School Degree","8","East North Central",420908.4747,"acer"
90581.4685,43,"4-year college degree","8","Pacific",344700.7702,"acer"
145734.4663,45,"Some College","12","New England",111536.8189,"sony"
55884.20131,24,"Less than High School","13","East North Central",299528.131,"acer"
128299.0444,28,"4-year college degree","13","Mid-Atlantic",174588.2544,"sony"
71606.60989,23,"4-year college degree","7","New England",204947.5208,"acer"
55826.57908,79,"4-year college degree","7","New England",412779.0354,"acer"
88428.84801,71,"Some College","18","Mountain",261140.7868,"sony"
123341.318,30,"4-year college degree","2","West North Central",121830.6857,"sony"
127895.8519,62,"Some College","16","Mountain",27169.57037,"sony"
134439.5271,67,"Less than High School","17","South Atlantic",40772.87762,"sony"
23624.77114,66,"4-year college degree","1","Mountain",404980.5819,"acer"
132026.8418,77,"Less than High School","14","East South Cental",131294.1868,"sony"
30052.5073,37,"4-year college degree","3","East South Cental",272918.043,"sony"
136007.5551,63,"Some College","11","Pacific",330821.5838,"sony"
66748.90503,25,"Masters or Doctoral","18","West South Central",370427.3071,"acer"
78852.21315,67,"Some College","9","New England",475659.9358,"sony"
144919.9536,61,"Less than High School","9","East North Central",413617.2348,"sony"
145244.1948,70,"4-year college degree","12","West South Central",245181.2358,"sony"
71468.63609,33,"Some College","5","Mid-Atlantic",29510.59492,"acer"
145028.7404,57,"High School Degree","6","South Atlantic",247917.1038,"sony"
51907.0616,60,"4-year college degree","16","East North Central",443038.7178,"sony"
71133.66563,43,"Masters or Doctoral","19","West North Central",138563.3384,"sony"
79893.16857,43,"Less than High School","20","East North Central",436208.1706,"acer"
45625.46481,38,"Some College","3","East North Central",278828.9147,"sony"
66339.55072,72,"Less than High School","6","Mountain",499659.4003,"acer"
131728.4338,31,"Some College","13","East North Central",391435.4751,"sony"
79487.888,54,"Less than High School","2","Mountain",239046.8276,"acer"
39924.73011,46,"Masters or Doctoral","12","Mountain",421865.606,"sony"
39421.65325,42,"Some College","5","East South Cental",80254.22213,"sony"
89699.27429,72,"High School Degree","8","South Atlantic",456592.2258,"sony"
150000,72,"4-year college degree","2","East North Central",441587.8744,"sony"
40181.03981,51,"High School Degree","2","East North Central",189876.4687,"sony"
94957.46715,48,"High School Degree","5","East South Cental",53211.76257,"acer"
121142.2956,70,"4-year college degree","1","West South Central",267059.09,"sony"
48462.36087,54,"Masters or Doctoral","5","East South Cental",430070.6101,"sony"
23755.23724,53,"High School Degree","14","West South Central",218809.7884,"sony"
109405.1722,42,"Masters or Doctoral","3","Pacific",183113.5529,"acer"
86840.08477,34,"4-year college degree","4","South Atlantic",24959.12297,"acer"
131611.9344,21,"Some College","5","South Atlantic",69421.59478,"sony"
52203.32288,45,"Masters or Doctoral","13","East South Cental",186222.8735,"sony"
99425.92361,68,"4-year college degree","9","West North Central",233327.7897,"sony"
115610.685,38,"Less than High School","9","Mountain",232947.5967,"sony"
138106.1442,60,"Masters or Doctoral","13","Pacific",404617.7151,"sony"
100351.6944,26,"Less than High School","12","Mountain",181510.9466,"acer"
87577.91122,40,"4-year college degree","14","Mountain",159052.2923,"acer"
87820.55342,50,"4-year college degree","19","New England",308674.3286,"acer"
117729.8637,73,"Some College","12","South Atlantic",282938.2883,"sony"
45627.24106,31,"4-year college degree","20","Mid-Atlantic",219248.5353,"sony"
77861.51375,52,"Less than High School","4","New England",134281.9969,"acer"
55561.46194,77,"Masters or Doctoral","13","Pacific",160361.4711,"acer"
114625.0196,60,"Less than High School","4","Mid-Atlantic",56395.96955,"acer"
127835.4321,79,"Masters or Doctoral","19","Pacific",64301.4099,"sony"
60884.36915,57,"Some College","11","New England",186713.8755,"sony"
91778.02566,53,"Some College","11","Pacific",249654.4091,"acer"
148512.2067,20,"4-year college degree","18","East South Cental",468199.6715,"sony"
94948.51885,33,"Masters or Doctoral","17","Mountain",294766.6089,"acer"
37580.60675,30,"High School Degree","7","New England",453957.4341,"sony"
46775.33385,80,"High School Degree","10","South Atlantic",384709.1081,"acer"
115902.4027,77,"Masters or Doctoral","16","West North Central",20644.74188,"sony"
143288.8959,46,"Some College","12","South Atlantic",390017.0328,"sony"
37225.00611,58,"4-year college degree","11","West South Central",185046.1455,"sony"
119126.6561,54,"Some College","18","East North Central",216993.7254,"acer"
72538.55821,53,"High School Degree","11","West North Central",57897.17345,"acer"
128555.8761,61,"4-year college degree","10","West North Central",235366.0211,"sony"
71718.92682,49,"High School Degree","15","South Atlantic",346756.1098,"sony"
150000,24,"Masters or Doctoral","17","New England",243463.7491,"sony"
127933.6204,50,"Masters or Doctoral","14","Mid-Atlantic",75122.39312,"sony"
49100.96007,48,"4-year college degree","19","Mountain",312467.1401,"sony"
30963.66682,26,"4-year college degree","17","Pacific",287736.8777,"sony"
99588.13898,30,"4-year college degree","16","West South Central",310451.985,"sony"
137993.3953,38,"Less than High School","12","New England",455402.6855,"sony"
101503.9078,52,"High School Degree","15","East South Cental",208177.311,"acer"
82303.90592,77,"Masters or Doctoral","16","West North Central",215440.1416,"sony"
90187.51168,76,"High School Degree","19","Pacific",288314.0387,"sony"
29084.26573,54,"Less than High School","18","Pacific",452618.1162,"sony"
79639.87953,48,"Less than High School","8","East South Cental",194346.7505,"acer"
62014.40101,62,"High School Degree","2","East South Cental",334037.3626,"acer"
109861.9686,80,"4-year college degree","14","Pacific",90419.68501,"sony"
133417.7525,55,"High School Degree","14","South Atlantic",124897.9667,"sony"
95625.67718,75,"Masters or Doctoral","15","West North Central",494797.1115,"sony"
129196.0643,65,"High School Degree","13","South Atlantic",207941.9818,"sony"
118504.8433,50,"Some College","2","West South Central",5e+05,"acer"
133456.9337,23,"4-year college degree","15","West South Central",221290.1344,"sony"
61367.54968,80,"Less than High School","17","West South Central",255125.1491,"acer"
116628.9572,23,"4-year college degree","1","South Atlantic",458344.0213,"sony"
112613.1242,24,"Masters or Doctoral","19","South Atlantic",268041.9673,"sony"
40049.93285,21,"High School Degree","20","New England",26361.99491,"sony"
33859.92659,59,"4-year college degree","18","East North Central",140073.4442,"sony"
77993.30416,29,"Masters or Doctoral","6","West South Central",310044.6567,"acer"
113534.119,44,"Masters or Doctoral","19","West North Central",131245.7478,"acer"
33634.61426,76,"4-year college degree","2","New England",5e+05,"acer"
42056.52671,42,"High School Degree","2","East South Cental",47694.03974,"sony"
32535.59136,32,"Some College","19","East South Cental",0,"sony"
47208.05205,54,"Less than High School","2","South Atlantic",494067.5351,"sony"
140793.6953,66,"High School Degree","15","East South Cental",476872.1836,"sony"
128207.7602,20,"Less than High School","11","New England",187118.0821,"sony"
63873.65161,68,"Some College","13","East South Cental",92297.51744,"acer"
23460.85733,57,"4-year college degree","8","East North Central",83457.14046,"sony"
87656.03278,21,"4-year college degree","11","East South Cental",262570.9145,"acer"
77232.48652,54,"High School Degree","19","East South Cental",299162.3127,"acer"
126407.2942,73,"4-year college degree","19","East South Cental",387765.1304,"sony"
102192.0808,22,"Less than High School","12","West North Central",26467.91986,"sony"
123593.0788,54,"Less than High School","13","West South Central",314553.9991,"acer"
105317.4742,20,"Masters or Doctoral","4","Pacific",323528.868,"sony"
51265.62398,24,"High School Degree","9","East North Central",349403.0383,"acer"
92844.17548,27,"High School Degree","16","Mid-Atlantic",233469.2903,"acer"
122715.7448,72,"4-year college degree","13","East North Central",71425.39739,"sony"
30662.15255,44,"Masters or Doctoral","14","South Atlantic",438565.8257,"sony"
85476.46264,62,"Masters or Doctoral","3","South Atlantic",92998.02061,"sony"
141864.5579,35,"Masters or Doctoral","4","Mountain",67666.21388,"sony"
49743.02149,48,"Some College","15","East South Cental",377391.8036,"sony"
73620.95503,52,"Masters or Doctoral","1","Pacific",298055.3664,"sony"
112233.0809,66,"Masters or Doctoral","16","East North Central",0,"sony"
150000,48,"4-year college degree","8","East North Central",172425.1695,"sony"
142131.3101,71,"Less than High School","7","West South Central",67787.92815,"sony"
100199.722,48,"Some College","15","East South Cental",351770.3413,"acer"
36530.5221,46,"4-year college degree","14","East South Cental",87237.39158,"sony"
120447.1774,36,"4-year college degree","15","West North Central",339778.9868,"sony"
105912.3464,49,"4-year college degree","17","West North Central",335366.2559,"acer"
50190.24402,24,"Masters or Doctoral","18","New England",234954.6854,"sony"
105461.3206,62,"4-year college degree","15","West North Central",399495.9811,"sony"
68273.34285,38,"Masters or Doctoral","14","Mountain",133000.1418,"acer"
121738.0309,31,"Masters or Doctoral","15","East South Cental",333990.3131,"sony"
59342.56984,55,"Less than High School","4","Pacific",134892.74,"sony"
128661.4259,44,"Masters or Doctoral","18","South Atlantic",272432.2631,"sony"
73099.17153,39,"Less than High School","2","New England",229878.5441,"acer"
51413.90785,48,"4-year college degree","1","Pacific",360866.8472,"sony"
105163.4276,61,"4-year college degree","14","East North Central",271808.4495,"sony"
51292.94818,24,"Masters or Doctoral","8","Mountain",390826.9226,"acer"
66587.32883,67,"High School Degree","20","Mid-Atlantic",147020.8197,"acer"
54886.57953,78,"Less than High School","7","East North Central",210380.6469,"acer"
115755.6881,46,"High School Degree","12","Mountain",360210.5173,"acer"
47627.59281,26,"Less than High School","9","Mid-Atlantic",162099.6091,"sony"
126480.3768,48,"Masters or Doctoral","3","East North Central",82154.34858,"sony"
54573.61902,77,"Some College","16","West North Central",384906.0884,"acer"
112450.078,35,"Some College","19","Mountain",126501.0719,"sony"
96168.17237,59,"High School Degree","9","South Atlantic",309223.9857,"acer"
31949.10785,59,"Masters or Doctoral","20","East North Central",484373.3046,"sony"
105504.9782,60,"High School Degree","16","Mountain",426254.8188,"sony"
49979.38437,43,"4-year college degree","5","West South Central",413531.6548,"sony"
89593.49893,62,"High School Degree","20","West North Central",430817.1992,"sony"
39499.89868,48,"Less than High School","12","Mountain",285592.8262,"sony"
115157.0298,42,"4-year college degree","18","Mountain",453769.4353,"acer"
34458.55188,56,"Some College","1","West North Central",376817.4062,"sony"
63634.84819,51,"Less than High School","10","Mid-Atlantic",332626.281,"sony"
117637.9094,41,"Some College","10","Mountain",354231.1845,"sony"
121047.4292,29,"High School Degree","9","East South Cental",5e+05,"sony"
109560.2799,20,"Less than High School","20","West North Central",115858.5351,"sony"
100693.6339,77,"Masters or Doctoral","9","Pacific",254806.5269,"sony"
50341.84092,76,"Some College","16","East South Cental",336448.9265,"acer"
143492.2919,51,"High School Degree","16","West North Central",361509.8896,"sony"
114048.5738,29,"Masters or Doctoral","18","East South Cental",385415.592,"sony"
118148.5091,70,"Masters or Doctoral","16","Pacific",449115.2394,"sony"
114105.0465,42,"High School Degree","19","East North Central",61846.80805,"acer"
89958.91147,22,"Masters or Doctoral","9","West South Central",402572.343,"acer"
40334.40998,44,"4-year college degree","19","New England",466362.3857,"sony"
77840.29282,71,"High School Degree","19","Mid-Atlantic",169689.9654,"sony"
40111.67126,25,"4-year college degree","9","East South Cental",4007.912724,"sony"
146068.7996,37,"4-year college degree","13","New England",408642.5619,"sony"
84057.5474,29,"Masters or Doctoral","17","East South Cental",406036.0507,"acer"
39988.27282,21,"Some College","16","South Atlantic",87629.69974,"sony"
139635.4368,45,"4-year college degree","6","East South Cental",465606.3348,"sony"
57739.14054,29,"4-year college degree","5","New England",61524.91596,"acer"
91207.49202,76,"Masters or Doctoral","19","South Atlantic",116360.8786,"sony"
89198.74141,47,"Less than High School","16","West North Central",237711.1301,"acer"
79031.92176,25,"High School Degree","18","New England",60165.1501,"acer"
94959.57636,23,"Some College","4","West South Central",154140.8664,"acer"
77445.81332,45,"Masters or Doctoral","11","Mid-Atlantic",384402.7587,"acer"
80120.8033,77,"Less than High School","10","South Atlantic",254765.2396,"sony"
28634.75934,68,"High School Degree","5","Mid-Atlantic",370638.1879,"acer"
105683.3366,78,"Some College","2","East South Cental",290004.9988,"sony"
139551.7022,42,"High School Degree","1","South Atlantic",354996.638,"sony"
96468.2424,38,"High School Degree","15","Pacific",457204.7674,"acer"
74606.81037,78,"Masters or Doctoral","8","Pacific",427147.2768,"sony"
137802.4221,57,"Masters or Doctoral","19","Pacific",310348.747,"sony"
127668.1623,62,"4-year college degree","10","West North Central",467544.9197,"sony"
72882.88357,73,"4-year college degree","16","East North Central",5e+05,"acer"
35300.49719,49,"High School Degree","8","New England",164883.1302,"sony"
120147.9097,35,"Some College","20","West South Central",196009.0584,"sony"
54196.1261,65,"Some College","12","South Atlantic",21935.44522,"acer"
100576.7902,20,"High School Degree","1","Mid-Atlantic",284422.5701,"sony"
140423.3069,64,"Masters or Doctoral","20","East North Central",379536.7548,"sony"
83119.54315,37,"Less than High School","14","New England",212090.5272,"acer"
107705.7223,49,"4-year college degree","12","East North Central",436288.6524,"acer"
28743.87935,46,"4-year college degree","8","South Atlantic",296971.551,"sony"
113505.0454,64,"Less than High School","17","East South Cental",433664.2849,"sony"
24757.99716,47,"High School Degree","4","South Atlantic",85751.52486,"sony"
55823.78033,34,"Some College","4","Mid-Atlantic",172300.4779,"acer"
150000,80,"4-year college degree","14","East North Central",450271.2716,"sony"
28680.37301,76,"4-year college degree","19","Mid-Atlantic",209271.2962,"acer"
79313.51933,74,"Less than High School","7","West South Central",336988.1646,"sony"
119796.7515,39,"4-year college degree","17","East South Cental",47998.83638,"acer"
57632.34114,51,"High School Degree","11","East North Central",133836.1588,"sony"
105486.4651,41,"High School Degree","4","East North Central",393598.9769,"acer"
101754.1042,67,"Some College","15","West South Central",317196.6221,"sony"
47630.55456,75,"Some College","7","Mid-Atlantic",182378.1812,"acer"
67548.15393,26,"Masters or Doctoral","4","South Atlantic",63743.51975,"acer"
108530.0362,39,"Less than High School","18","West North Central",457063.7612,"sony"
68065.53178,77,"Some College","8","Pacific",399738.6161,"acer"
138506.5409,77,"Less than High School","9","Mid-Atlantic",92764.79099,"sony"
138487.6916,23,"4-year college degree","10","East South Cental",295381.4132,"sony"
31857.48064,55,"High School Degree","18","East North Central",376638.756,"sony"
120567.3122,43,"Masters or Doctoral","14","Mountain",112758.4536,"acer"
144520.0967,26,"4-year college degree","2","South Atlantic",48978.62161,"sony"
150000,59,"Masters or Doctoral","12","New England",215892.7484,"sony"
113204.2527,53,"High School Degree","18","Pacific",255771.1642,"acer"
26974.43636,50,"High School Degree","3","West South Central",88804.60415,"sony"
26457.81034,30,"Some College","8","Mid-Atlantic",214611.0197,"sony"
145656.8344,51,"Some College","20","Mountain",436106.5431,"sony"
138398.1268,46,"High School Degree","20","East South Cental",419740.5909,"sony"
104072.3343,60,"4-year college degree","3","South Atlantic",50024.42022,"sony"
37969.10334,71,"4-year college degree","13","South Atlantic",0,"acer"
142750.0613,55,"Less than High School","7","Mountain",96775.53419,"sony"
127334.6931,24,"4-year college degree","12","West North Central",251846.9624,"sony"
40811.27605,25,"Masters or Doctoral","3","Mid-Atlantic",364836.9259,"sony"
62194.49092,66,"High School Degree","10","South Atlantic",302582.745,"acer"
104645.5367,22,"4-year college degree","10","Mid-Atlantic",42773.44781,"sony"
46467.9239,44,"4-year college degree","7","Pacific",125878.6932,"sony"
28776.12517,68,"High School Degree","16","Mountain",334883.6566,"acer"
76185.35222,49,"High School Degree","19","West South Central",46748.85467,"sony"
88632.48987,63,"4-year college degree","5","South Atlantic",0,"sony"
87547.07447,70,"Some College","1","West South Central",397976.7149,"sony"
56549.46807,76,"Less than High School","19","West South Central",218804.3753,"acer"
91444.34617,69,"Masters or Doctoral","7","West South Central",166570.3142,"sony"
35443.23994,53,"4-year college degree","18","Mountain",323692.985,"sony"
108805.052,45,"Less than High School","4","Mountain",42934.95201,"acer"
32354.12861,59,"4-year college degree","20","Mid-Atlantic",145849.7846,"sony"
47777.40513,22,"High School Degree","18","West North Central",422567.4988,"sony"
86982.23842,27,"Less than High School","17","Mid-Atlantic",250851.9115,"acer"
144415.2812,53,"Less than High School","6","Mountain",400137.123,"sony"
133150.2895,28,"4-year college degree","12","East South Cental",238504.5011,"sony"
142178.55,33,"Masters or Doctoral","18","Pacific",368512.2431,"sony"
20000,59,"Some College","9","East North Central",342315.6599,"sony"
108037.3137,24,"Less than High School","16","East South Cental",423377.0607,"sony"
66428.45116,46,"High School Degree","11","Mountain",417253.8151,"sony"
131398.9879,62,"High School Degree","6","East South Cental",166385.7482,"sony"
100620.618,79,"4-year college degree","11","South Atlantic",283957.8148,"sony"
56570.49997,37,"Masters or Doctoral","4","West North Central",425478.3052,"acer"
144711.5565,54,"4-year college degree","3","New England",202458.0817,"sony"
122480.6072,58,"High School Degree","6","West North Central",413860.9154,"sony"
52232.98641,39,"High School Degree","10","Pacific",161170.0145,"sony"
20000,37,"Some College","13","Mid-Atlantic",134166.8624,"sony"
102992.3364,61,"4-year college degree","3","East North Central",425504.1594,"sony"
103026.6582,54,"Some College","4","Mountain",18370.1361,"acer"
80846.91846,60,"Less than High School","13","Mountain",208157.7725,"sony"
30833.12173,35,"Some College","11","West North Central",457361.4134,"sony"
100909.2356,40,"Some College","16","West South Central",72778.25932,"acer"
52879.09355,37,"High School Degree","5","East North Central",89050.57354,"acer"
116786.1489,20,"4-year college degree","9","Pacific",68483.1536,"sony"
36707.4499,32,"Some College","17","East South Cental",258445.0795,"sony"
89528.46798,76,"Some College","19","West South Central",405765.497,"sony"
112110.2832,69,"Less than High School","19","Mid-Atlantic",136062.1845,"sony"
54362.63368,65,"Masters or Doctoral","6","East North Central",6928.218851,"acer"
90585.5886,53,"Some College","13","Mid-Atlantic",147968.8713,"acer"
140937.4666,59,"Less than High School","13","East South Cental",493318.6732,"sony"
89602.55814,58,"Some College","11","West North Central",459251.7909,"acer"
103867.6185,45,"Masters or Doctoral","5","East South Cental",227925.2151,"acer"
30424.85732,23,"Some College","5","New England",109949.5756,"sony"
20954.99535,46,"Some College","9","Mountain",214229.2239,"sony"
37421.41963,79,"Less than High School","18","New England",124626.1948,"acer"
67088.5411,69,"Masters or Doctoral","5","Pacific",270015.2608,"acer"
36042.8525,68,"Masters or Doctoral","11","New England",411618.3953,"acer"
134903.7078,46,"Some College","11","New England",27355.68923,"sony"
49219.29642,50,"Masters or Doctoral","1","Pacific",361909.4851,"sony"
133069.3103,62,"4-year college degree","5","East North Central",484119.5794,"sony"
73240.32656,65,"Less than High School","13","Pacific",221422.9448,"acer"
111667.4441,75,"Masters or Doctoral","4","Mountain",88010.45955,"sony"
144547.8822,73,"Some College","20","Mid-Atlantic",183691.0749,"sony"
45903.43046,39,"Less than High School","12","West South Central",280347.1716,"sony"
144763.2044,66,"Masters or Doctoral","10","South Atlantic",373430.2903,"sony"
120220.8196,20,"Some College","2","Pacific",359765.1654,"sony"
42296.07052,68,"Some College","6","Pacific",12920.43376,"acer"
78376.77056,62,"Less than High School","4","Mid-Atlantic",383043.1229,"sony"
62416.47961,51,"Some College","5","Pacific",493230.0543,"sony"
93894.94803,57,"Masters or Doctoral","16","West South Central",44692.64639,"acer"
55926.39154,36,"4-year college degree","18","West North Central",445621.2399,"acer"
128991.4806,61,"Less than High School","7","Pacific",287580.7135,"sony"
66508.09294,46,"4-year college degree","12","Mountain",320690.332,"sony"
150000,53,"4-year college degree","14","West North Central",1736.727907,"sony"
121780.933,36,"4-year college degree","16","West South Central",62363.8835,"sony"
115484.6025,47,"Less than High School","8","Mountain",327755.6253,"acer"
140614.0293,58,"Some College","11","New England",40847.3193,"sony"
132296.5098,69,"Less than High School","14","Pacific",465446.9939,"sony"
150000,68,"High School Degree","14","East North Central",44002.64849,"sony"
101611.36,31,"Some College","10","Mountain",443922.5918,"sony"
127206.7601,28,"Masters or Doctoral","12","Pacific",175046.8656,"sony"
118018.299,50,"4-year college degree","9","New England",468847.5602,"acer"
29837.32888,65,"Some College","4","East South Cental",349445.6621,"acer"
70974.96653,49,"High School Degree","7","South Atlantic",495855.1477,"sony"
102030.7238,39,"4-year college degree","11","Pacific",72710.96407,"acer"
68448.54085,57,"High School Degree","18","New England",30372.27669,"sony"
140619.7153,27,"Less than High School","7","South Atlantic",191054.413,"sony"
150000,45,"Some College","19","Mid-Atlantic",270319.5645,"sony"
48049.04599,60,"Some College","14","New England",208837.6583,"sony"
85412.37245,49,"4-year college degree","7","New England",320090.8616,"acer"
102341.7288,64,"Masters or Doctoral","4","West North Central",242855.1822,"sony"
54222.42172,76,"4-year college degree","4","Mountain",151725.5668,"acer"
36043.10498,57,"High School Degree","1","South Atlantic",105090.4329,"sony"
88856.61436,36,"Masters or Doctoral","19","Mid-Atlantic",141639.7981,"acer"
47395.99441,24,"Some College","2","Mid-Atlantic",470475.7418,"sony"
89752.64571,23,"Masters or Doctoral","15","West North Central",5410.62704,"acer"
117479.073,74,"Masters or Doctoral","10","New England",191527.918,"sony"
34835.59853,72,"High School Degree","19","Pacific",203133.2035,"acer"
131165.0107,21,"4-year college degree","1","West South Central",22255.03095,"sony"
44701.46967,25,"Less than High School","14","West North Central",307688.3068,"sony"
112781.6586,29,"Masters or Doctoral","7","East South Cental",408237.0455,"sony"
55651.23245,27,"4-year college degree","6","Mountain",91112.64808,"acer"
72974.33539,43,"Some College","12","South Atlantic",97543.8323,"acer"
60058.57843,45,"Less than High School","14","East South Cental",150739.4846,"sony"
140971.1379,29,"Some College","14","New England",175866.987,"sony"
84808.52841,57,"4-year college degree","8","Pacific",22501.73343,"acer"
30245.56754,37,"4-year college degree","20","Mountain",486258.0663,"sony"
94042.9269,36,"Less than High School","19","Mountain",473126.3494,"acer"
37674.21438,39,"4-year college degree","13","New England",57535.62764,"sony"
101307.6258,60,"Masters or Doctoral","17","Mountain",374813.9503,"sony"
37210.08362,52,"Less than High School","3","Mountain",176147.1704,"sony"
73977.35355,33,"4-year college degree","18","East South Cental",178738.7772,"acer"
150000,65,"Masters or Doctoral","4","West South Central",297421.3772,"sony"
52747.91484,69,"Some College","8","New England",198024.0661,"acer"
99377.76183,53,"High School Degree","8","West North Central",71704.63306,"acer"
80131.50141,66,"Less than High School","16","South Atlantic",111659.7241,"sony"
122410.807,35,"Masters or Doctoral","20","Mountain",129954.3581,"sony"
139861.1546,50,"4-year college degree","5","East South Cental",471637.778,"sony"
90937.607,38,"High School Degree","18","East North Central",439248.3679,"acer"
117627.7974,20,"Less than High School","7","West South Central",624.208173,"sony"
20399.71147,56,"Masters or Doctoral","18","New England",389075.2395,"sony"
77131.49214,52,"4-year college degree","8","Pacific",68088.49551,"acer"
35186.61477,30,"High School Degree","9","Mountain",150309.2106,"sony"
142644.0932,49,"Masters or Doctoral","13","Mountain",84667.19503,"sony"
24675.19909,75,"Less than High School","1","South Atlantic",374936.7412,"acer"
128466.4047,67,"Less than High School","16","Mid-Atlantic",299704.9543,"sony"
124530.8297,29,"High School Degree","4","Mid-Atlantic",305188.377,"sony"
102731.9446,65,"Masters or Doctoral","5","Mountain",246635.698,"sony"
21831.55391,36,"Masters or Doctoral","5","East South Cental",230895.8832,"sony"
92939.93173,20,"Masters or Doctoral","11","East South Cental",383760.6407,"acer"
59117.3872,69,"Some College","1","East South Cental",228660.3046,"acer"
112788.2388,20,"Some College","2","South Atlantic",236615.1909,"sony"
57406.59927,42,"Masters or Doctoral","2","East South Cental",32839.98341,"sony"
30909.17057,61,"High School Degree","14","Pacific",346234.6023,"sony"
34392.53294,59,"4-year college degree","4","Mountain",217460.4902,"sony"
76917.13397,45,"Some College","4","South Atlantic",442471.9002,"sony"
59366.1765,32,"Less than High School","5","East North Central",177385.5289,"acer"
98509.51411,66,"4-year college degree","16","West North Central",123858.1363,"sony"
138867.0697,69,"Some College","8","Mid-Atlantic",393344.6564,"sony"
119884.3048,36,"4-year college degree","18","South Atlantic",459351.9572,"sony"
86564.96565,41,"High School Degree","2","West North Central",339134.6358,"acer"
104788.2909,71,"Less than High School","11","Mid-Atlantic",132059.1689,"sony"
51870.02654,33,"4-year college degree","9","Mountain",375640.538,"sony"
132308.4568,77,"Less than High School","1","West North Central",302604.1741,"sony"
58358.53476,73,"Some College","12","Mountain",0,"acer"
110598.1672,78,"High School Degree","18","Mountain",183344.4899,"sony"
113863.1594,47,"High School Degree","7","East North Central",156663.275,"acer"
20000,60,"Less than High School","3","Mid-Atlantic",357598.8577,"sony"
109444.7117,55,"Less than High School","12","New England",5e+05,"acer"
143009.3,30,"4-year college degree","10","Pacific",83186.19474,"sony"
48181.09305,24,"High School Degree","15","New England",402542.7598,"sony"
133974.8491,80,"4-year college degree","3","West North Central",254696.0147,"sony"
26123.92054,57,"High School Degree","5","West South Central",488722.4893,"sony"
76648.37518,65,"Masters or Doctoral","16","East South Cental",390959.4554,"sony"
73515.83053,70,"Some College","6","West North Central",8331.402492,"sony"
117868.1074,29,"Some College","15","West North Central",450255.0319,"sony"
72305.12705,63,"Some College","20","Mid-Atlantic",301851.0167,"acer"
79029.38738,48,"4-year college degree","2","West South Central",80495.35802,"acer"
41845.15376,68,"4-year college degree","8","Mountain",341962.545,"acer"
101892.8153,48,"Some College","19","Mid-Atlantic",77329.00924,"acer"
64158.15602,27,"High School Degree","7","West South Central",111507.6917,"acer"
122522.4707,48,"Some College","1","South Atlantic",146539.0273,"acer"
113120.7936,48,"High School Degree","3","South Atlantic",172508.2104,"acer"
123620.2936,61,"Some College","19","West North Central",349064.5928,"sony"
109005.9034,64,"High School Degree","9","East North Central",355358.5445,"sony"
74249.66384,30,"Masters or Doctoral","4","New England",431996.1134,"acer"
46385.06985,61,"4-year college degree","14","South Atlantic",299914.7285,"acer"
125203.2985,35,"Masters or Doctoral","8","West North Central",347614.4609,"sony"
103195.0654,22,"Less than High School","11","East South Cental",318552.0069,"sony"
41969.82197,60,"High School Degree","17","West South Central",455280.7613,"sony"
49100.90521,33,"4-year college degree","19","Mountain",140672.7083,"acer"
147610.8672,52,"Masters or Doctoral","14","Mid-Atlantic",181011.5612,"sony"
27036.64087,30,"Some College","16","Mid-Atlantic",406680.822,"sony"
69856.0372,25,"Less than High School","1","Mid-Atlantic",184917.7935,"acer"
65102.02029,61,"Some College","18","Mid-Atlantic",156346.5055,"acer"
146275.2414,45,"Less than High School","9","Mountain",397648.0524,"sony"
73628.76438,24,"4-year college degree","13","New England",457959.5494,"acer"
79512.02478,46,"Some College","1","West South Central",94365.90026,"acer"
44220.07076,72,"Less than High School","15","West North Central",436158.1891,"acer"
141805.3239,66,"Masters or Doctoral","3","New England",259112.9636,"sony"
26399.40032,80,"Some College","13","Pacific",344367.8411,"acer"
78718.47939,72,"Some College","16","South Atlantic",169849.6181,"sony"
84478.90877,61,"Less than High School","17","South Atlantic",339720.9936,"sony"
129398.8902,24,"4-year college degree","16","West South Central",78868.11628,"sony"
122388.6897,22,"Masters or Doctoral","13","West South Central",489684.2453,"sony"
113164.6791,56,"Masters or Doctoral","10","West South Central",268340.4035,"acer"
80845.64318,26,"Some College","10","West South Central",199330.9181,"acer"
58009.21181,73,"High School Degree","17","West North Central",17628.9155,"acer"
111793.8896,29,"High School Degree","12","East North Central",114837.1585,"sony"
150000,55,"Masters or Doctoral","18","Mid-Atlantic",7424.041567,"sony"
144899.6334,62,"Some College","5","Mountain",0,"sony"
128532.0928,53,"Some College","14","West North Central",355399.4803,"sony"
111601.6807,20,"Less than High School","8","New England",97758.74551,"sony"
95646.47355,64,"4-year college degree","9","South Atlantic",211320.439,"sony"
56325.28506,57,"Less than High School","2","New England",42026.35412,"sony"
117415.4966,22,"Less than High School","1","New England",445338.7558,"sony"
133371.9518,70,"4-year college degree","14","East South Cental",351532.3123,"sony"
37999.15987,70,"Some College","2","New England",413118.5965,"acer"
62822.01775,43,"High School Degree","8","East South Cental",359376.4828,"sony"
140519.6775,29,"Some College","16","South Atlantic",146019.0537,"sony"
81201.78487,60,"4-year college degree","13","South Atlantic",285792.2353,"sony"
133132.4665,76,"Masters or Doctoral","7","East South Cental",74937.43292,"sony"
28369.13384,35,"4-year college degree","17","West South Central",77986.63121,"sony"
143733.5955,38,"Masters or Doctoral","17","West South Central",131636.1898,"sony"
95886.26862,65,"Masters or Doctoral","11","West North Central",78256.78861,"sony"
60639.83082,44,"Some College","7","Mid-Atlantic",5e+05,"sony"
136626.0997,55,"High School Degree","3","South Atlantic",98864.71088,"sony"
115367.0629,62,"4-year college degree","11","West North Central",5e+05,"sony"
33194.97254,39,"Less than High School","1","Pacific",75080.49109,"sony"
75329.31647,24,"Some College","1","Mountain",69516.73389,"acer"
24765.04104,73,"Less than High School","15","East North Central",423582.8124,"acer"
46564.8053,29,"Less than High School","6","West North Central",356548.0923,"sony"
120527.6111,79,"Some College","12","New England",453322.7224,"sony"
86649.07953,43,"4-year college degree","16","East South Cental",246104.5445,"acer"
68007.1867,63,"Some College","4","New England",415722.4875,"acer"
123874.6042,58,"Some College","13","South Atlantic",146040.4274,"sony"
142039.7952,57,"Some College","15","Pacific",191054.3731,"sony"
105299.5393,35,"4-year college degree","2","Mountain",286947.0605,"sony"
68944.05944,50,"Less than High School","12","East North Central",286196.8039,"sony"
102372.0626,75,"Less than High School","3","Pacific",114078.2733,"sony"
120119.7834,75,"Some College","11","Mid-Atlantic",173546.4189,"sony"
57542.60758,44,"Less than High School","12","South Atlantic",209348.1713,"sony"
42459.72784,29,"4-year college degree","14","East North Central",348245.427,"sony"
122953.9693,48,"Less than High School","7","South Atlantic",135946.9686,"acer"
55000.01284,60,"4-year college degree","9","South Atlantic",391059.2131,"acer"
68578.06523,58,"Less than High School","4","New England",435869.0695,"acer"
44324.38618,73,"4-year college degree","6","East South Cental",252224.1968,"acer"
45968.13742,41,"Less than High School","7","New England",428620.7677,"sony"
104414.6495,62,"Masters or Doctoral","14","West North Central",357367.8596,"sony"
129710.7481,34,"4-year college degree","6","Pacific",340858.0265,"sony"
31159.29709,69,"High School Degree","17","New England",469920.7882,"acer"
137559.4902,66,"Less than High School","19","New England",385552.3023,"sony"
58794.73698,57,"4-year college degree","5","New England",423394.0303,"sony"
76880.15246,23,"4-year college degree","3","South Atlantic",391684.7237,"acer"
26919.4248,25,"4-year college degree","5","Pacific",477970.0193,"sony"
68636.06575,22,"4-year college degree","19","East North Central",172565.2298,"acer"
136721.6013,31,"4-year college degree","14","Mid-Atlantic",364228.8522,"sony"
87655.40042,37,"4-year college degree","16","East North Central",330173.5237,"acer"
108720.1916,66,"Less than High School","20","New England",73808.67867,"sony"
129138.4007,52,"High School Degree","8","East North Central",460206.0257,"sony"
56339.09451,61,"Some College","20","Mid-Atlantic",330744.5461,"acer"
41133.34614,34,"Some College","19","Mid-Atlantic",116266.8883,"sony"
66937.07892,75,"4-year college degree","11","West South Central",433176.1798,"acer"
39132.7146,66,"High School Degree","15","Mountain",13342.83372,"acer"
53714.80753,40,"Masters or Doctoral","11","Mid-Atlantic",198303.3716,"sony"
74077.66155,20,"Less than High School","4","Pacific",121451.8547,"acer"
142423.8794,58,"High School Degree","8","Pacific",395479.9691,"sony"
108387.5362,69,"4-year college degree","16","South Atlantic",164808.9908,"sony"
25737.44327,32,"High School Degree","10","Mountain",192276.0659,"sony"
60218.56285,37,"High School Degree","1","West North Central",106638.8584,"acer"
89117.66819,55,"4-year college degree","3","South Atlantic",102582.3912,"acer"
142806.1374,60,"4-year college degree","10","Pacific",105109.2318,"sony"
115698.2495,44,"Less than High School","19","East South Cental",5e+05,"acer"
76075.83157,30,"High School Degree","3","West South Central",232291.0865,"acer"
134219.042,58,"Masters or Doctoral","13","West North Central",215949.1754,"sony"
83243.89779,54,"Some College","7","West North Central",85809.6741,"acer"
85036.59856,30,"Some College","4","Mountain",442368.4427,"acer"
104739.1404,26,"Masters or Doctoral","19","Pacific",376701.1556,"sony"
79744.02484,58,"4-year college degree","9","New England",192048.7993,"acer"
123637.1873,32,"Some College","19","East South Cental",460607.0784,"sony"
88336.39321,34,"Some College","3","East North Central",428489.5759,"acer"
46886.80026,56,"High School Degree","1","South Atlantic",248856.9534,"sony"
96791.71488,28,"Some College","3","West North Central",128953.5316,"acer"
44329.72567,52,"Masters or Doctoral","14","Mid-Atlantic",232729.2745,"sony"
39704.08679,32,"Some College","17","South Atlantic",243269.2317,"sony"
106058.4994,33,"Some College","2","East South Cental",413461.7343,"sony"
149345.8809,53,"Masters or Doctoral","2","West North Central",237278.4077,"sony"
66148.14019,42,"Some College","6","Mountain",36336.13063,"sony"
48517.17389,68,"High School Degree","3","Mid-Atlantic",453623.4027,"acer"
27793.82463,22,"Less than High School","14","West South Central",173574.3674,"sony"
140671.1828,80,"4-year college degree","19","New England",324738.5456,"sony"
43571.11625,37,"Some College","16","Pacific",9238.756652,"sony"
36267.42624,39,"Some College","19","South Atlantic",295520.0315,"sony"
86272.56129,38,"Masters or Doctoral","1","East South Cental",311316.1879,"acer"
112996.3016,73,"Less than High School","5","South Atlantic",424671.2909,"sony"
101583.9704,76,"Some College","9","West North Central",412366.3053,"sony"
42510.26077,46,"Less than High School","6","New England",35080.81408,"sony"
132387.6369,74,"Less than High School","3","Pacific",385666.3928,"sony"
29828.07722,22,"4-year college degree","7","Pacific",199019.7842,"sony"
92961.21901,63,"4-year college degree","5","East North Central",0,"sony"
145072.0682,62,"4-year college degree","6","New England",303484.613,"sony"
22401.03421,60,"Masters or Doctoral","14","West South Central",447376.4306,"sony"
94294.69247,62,"Less than High School","20","East North Central",411061.0271,"sony"
96955.87925,25,"Masters or Doctoral","20","New England",155329.8083,"acer"
150000,76,"Less than High School","18","Mid-Atlantic",280405.2104,"sony"
150000,21,"4-year college degree","4","West South Central",269398.4131,"sony"
107823.6175,37,"4-year college degree","1","East North Central",388716.5257,"sony"
37370.80327,62,"High School Degree","19","West North Central",350086.9792,"acer"
140353.8237,40,"4-year college degree","5","South Atlantic",351470.1518,"sony"
62988.92487,65,"Less than High School","8","East South Cental",493098.6484,"acer"
143882.3046,28,"Some College","5","East North Central",188508.9186,"sony"
118219.6701,40,"Masters or Doctoral","19","New England",5e+05,"acer"
149015.2233,32,"Some College","1","Mountain",303829.0605,"sony"
27168.13292,22,"Some College","5","New England",480716.7136,"sony"
31216.68566,29,"4-year college degree","9","East South Cental",288745.9336,"sony"
48284.97779,45,"4-year college degree","12","West South Central",345090.0057,"sony"
56131.48581,71,"4-year college degree","19","Mid-Atlantic",93144.87789,"acer"
58278.90095,67,"4-year college degree","13","South Atlantic",433607.3516,"acer"
20000,26,"4-year college degree","5","West North Central",292747.7611,"sony"
91133.5702,54,"4-year college degree","2","Mid-Atlantic",395205.7645,"acer"
43357.0654,43,"High School Degree","10","East South Cental",236856.4634,"sony"
99250.92269,54,"Some College","13","West North Central",351015.6384,"acer"
107575.6514,72,"Less than High School","19","Mountain",368090.3244,"sony"
20000,23,"High School Degree","11","West North Central",371673.2419,"sony"
105836.6819,42,"High School Degree","5","East South Cental",27872.12932,"acer"
74031.50539,69,"High School Degree","9","Pacific",323506.5323,"sony"
93055.75918,24,"Some College","16","Pacific",245074.5419,"acer"
113578.8519,60,"Masters or Doctoral","9","Mid-Atlantic",150967.9417,"acer"
75955.05942,56,"Masters or Doctoral","17","Mid-Atlantic",482055.9313,"acer"
78493.00093,40,"Some College","12","New England",145492.6297,"acer"
112017.7126,74,"Less than High School","4","East South Cental",234386.7438,"sony"
41407.72817,80,"4-year college degree","13","New England",264951.5249,"acer"
121419.0696,52,"Less than High School","14","Mountain",56111.07678,"acer"
61371.23387,62,"High School Degree","15","Pacific",21403.3669,"acer"
133849.2296,25,"High School Degree","11","East North Central",492764.4444,"sony"
111760.6055,80,"4-year college degree","19","South Atlantic",123484.1841,"sony"
73843.64391,74,"Less than High School","19","East North Central",108025.1421,"acer"
127241.0101,26,"Some College","20","West North Central",5e+05,"sony"
50989.13164,79,"Less than High School","8","New England",274910.3703,"acer"
24639.25921,34,"Masters or Doctoral","8","New England",401973.7615,"sony"
55406.81171,77,"Some College","7","Mid-Atlantic",435777.3866,"acer"
34397.74051,28,"Masters or Doctoral","9","Mountain",425185.7881,"sony"
35715.66387,66,"High School Degree","3","Mid-Atlantic",452414.7081,"acer"
81887.8719,71,"High School Degree","10","South Atlantic",142854.7322,"sony"
137939.0741,20,"Less than High School","12","South Atlantic",251571.4473,"sony"
144809.3612,78,"Some College","2","New England",0,"sony"
139401.6075,58,"Some College","12","New England",200868.2978,"sony"
140011.9386,31,"Masters or Doctoral","8","Mid-Atlantic",59664.47656,"sony"
31704.53897,59,"Less than High School","8","West South Central",116075.5922,"sony"
149882.2655,30,"Less than High School","5","Mid-Atlantic",229677.1535,"sony"
134544.034,64,"Some College","14","Pacific",323512.4639,"sony"
100868.1997,32,"Some College","11","East North Central",253218.8514,"acer"
90881.82941,46,"Masters or Doctoral","8","Mountain",0,"acer"
66945.10148,77,"Less than High School","7","East South Cental",401513.9302,"acer"
150000,40,"Some College","8","New England",395472.4266,"sony"
123950.8667,45,"Less than High School","14","West South Central",188892.6691,"acer"
138334.9093,62,"Some College","2","Mountain",165488.9531,"sony"
141557.7501,75,"Masters or Doctoral","5","Mountain",388776.7112,"sony"
145286.4726,64,"4-year college degree","16","West South Central",373881.2602,"sony"
22418.92888,56,"4-year college degree","11","East South Cental",91584.24011,"sony"
145625.4044,72,"Masters or Doctoral","2","New England",37475.16237,"sony"
63287.80793,64,"Some College","3","West North Central",131815.0061,"acer"
87085.678,48,"Masters or Doctoral","12","West South Central",123620.543,"acer"
105806.2988,80,"Some College","6","South Atlantic",123322.1727,"sony"
97711.32972,39,"4-year college degree","20","Mid-Atlantic",340117.575,"acer"
108332.0264,68,"Masters or Doctoral","6","East North Central",257415.8235,"sony"
53675.67265,20,"High School Degree","16","Mountain",78504.4907,"acer"
29685.20844,30,"Less than High School","18","Mountain",49747.88903,"sony"
91184.5495,73,"Masters or Doctoral","6","East North Central",220923.5667,"sony"
72336.42077,27,"High School Degree","10","West South Central",111378.1317,"acer"
137051.4573,45,"4-year college degree","17","West South Central",230290.1333,"sony"
63069.0047,29,"High School Degree","10","East South Cental",262075.4397,"acer"
136511.266,46,"Masters or Doctoral","11","South Atlantic",115593.9685,"sony"
53631.33103,48,"4-year college degree","7","West North Central",397402.0559,"sony"
135417.3636,40,"Less than High School","10","New England",460982.9013,"sony"
112998.0436,26,"Less than High School","6","Pacific",191289.3699,"sony"
111532.0991,71,"High School Degree","20","Pacific",394560.5882,"sony"
36121.18171,20,"Masters or Doctoral","16","South Atlantic",72563.61307,"sony"
84962.36308,38,"4-year college degree","15","East North Central",107025.285,"acer"
124475.3278,64,"Less than High School","13","Mountain",435673.6252,"sony"
128864.1234,53,"High School Degree","1","West South Central",46226.04622,"sony"
25259.73207,45,"Less than High School","14","New England",133268.4121,"sony"
32444.17813,37,"Masters or Doctoral","19","Mid-Atlantic",455748.6208,"sony"
92927.41518,34,"4-year college degree","9","Mountain",380513.0438,"acer"
141749.3409,36,"Masters or Doctoral","17","South Atlantic",309709.7607,"sony"
108327.2801,80,"High School Degree","18","New England",118155.7609,"sony"
147497.6472,27,"4-year college degree","3","New England",354689.4453,"sony"
36032.90583,34,"4-year college degree","9","East North Central",86104.97842,"sony"
58960.40856,69,"High School Degree","13","Pacific",12924.33517,"acer"
72562.72477,53,"Less than High School","6","East South Cental",361728.3982,"acer"
95479.76617,75,"4-year college degree","16","East North Central",143003.6842,"sony"
24635.88017,52,"High School Degree","11","Mountain",409696.4739,"sony"
148462.9556,48,"Some College","18","East South Cental",402577.8507,"sony"
38901.63484,66,"High School Degree","17","Mid-Atlantic",35015.7985,"acer"
146649.5791,34,"Some College","2","Mountain",127720.2453,"sony"
75283.73832,23,"Less than High School","14","East North Central",384083.3048,"acer"
145914.4845,28,"High School Degree","3","Mountain",425389.1252,"sony"
130347.1357,46,"Less than High School","4","New England",176422.7568,"sony"
21512.6511,64,"Less than High School","17","West South Central",307443.7552,"sony"
104979.6114,36,"Masters or Doctoral","14","East South Cental",55062.64185,"sony"
52822.31355,70,"Some College","18","Pacific",259982.0406,"acer"
120756.218,32,"Less than High School","9","East South Cental",138675.3235,"sony"
70268.48517,33,"4-year college degree","17","East South Cental",393937.0013,"acer"
22538.61307,44,"Some College","1","Mountain",428158.6097,"sony"
86108.41912,52,"Masters or Doctoral","7","Mountain",226719.1032,"acer"
109767.8671,52,"Some College","5","West South Central",108686.5452,"acer"
150000,53,"Some College","13","New England",323199.5615,"sony"
134966.2834,60,"Less than High School","17","West South Central",0,"sony"
139035.17,32,"Less than High School","16","East North Central",399719.6047,"sony"
28459.09027,38,"High School Degree","8","South Atlantic",152730.9584,"sony"
88390.52725,32,"Less than High School","5","West North Central",277033.6406,"acer"
120451.1727,69,"High School Degree","19","Pacific",306837.5536,"sony"
122122.6531,31,"Masters or Doctoral","2","Pacific",136018.3188,"sony"
33697.34612,62,"Some College","18","Mountain",149254.0735,"acer"
23648.46789,51,"High School Degree","9","Mid-Atlantic",407924.174,"sony"
91164.65022,47,"Some College","12","New England",464435.1477,"acer"
109883.4551,66,"Less than High School","18","South Atlantic",285065.1442,"sony"
75833.15417,48,"Less than High School","17","South Atlantic",308044.2613,"acer"
72674.79286,77,"Some College","4","Mountain",128366.6057,"acer"
38810.7164,58,"Less than High School","5","West North Central",349793.6683,"sony"
135748.2846,49,"4-year college degree","18","East North Central",151999.8029,"sony"
44086.71997,36,"High School Degree","13","East North Central",455464.5078,"sony"
150000,65,"High School Degree","15","Mountain",272297.1962,"sony"
148300.0547,43,"Less than High School","20","West South Central",457656.897,"sony"
48891.89737,64,"4-year college degree","8","Mid-Atlantic",276984.1357,"acer"
105318.2145,63,"Masters or Doctoral","5","Mid-Atlantic",52629.61448,"sony"
36708.51006,71,"4-year college degree","13","Mountain",4567.52187,"acer"
26495.14406,55,"Less than High School","1","South Atlantic",347651.0643,"sony"
33526.54601,52,"4-year college degree","16","Pacific",422176.0491,"sony"
27179.17521,71,"Less than High School","8","Mountain",121600.4139,"sony"
109620.5827,55,"High School Degree","12","West South Central",308102.6805,"acer"
136784.136,27,"4-year college degree","13","New England",182271.0362,"sony"
67120.94001,56,"High School Degree","9","New England",181051.0012,"sony"
49736.13226,39,"High School Degree","17","Mid-Atlantic",79439.13968,"sony"
66109.72441,43,"High School Degree","1","East South Cental",156012.6022,"sony"
145681.8624,20,"High School Degree","10","East South Cental",459090.905,"sony"
47361.67268,80,"Masters or Doctoral","9","West South Central",210048.9246,"acer"
41974.74089,41,"Some College","15","West South Central",101992.7286,"sony"
133973.3129,55,"Less than High School","11","New England",36898.3822,"sony"
132140.0278,72,"4-year college degree","7","East North Central",489917.9764,"sony"
71120.5701,66,"High School Degree","20","West North Central",458086.184,"acer"
57799.9237,53,"High School Degree","7","Pacific",209789.7183,"sony"
146675.9135,62,"Masters or Doctoral","1","Mountain",107852.1585,"sony"
50591.20194,72,"High School Degree","2","West South Central",320465.7608,"acer"
137399.841,51,"Masters or Doctoral","4","Pacific",481400.5649,"sony"
33507.08755,20,"Less than High School","19","Mid-Atlantic",5e+05,"sony"
81468.07826,24,"Less than High School","2","Pacific",377373.4312,"acer"
86468.96152,58,"4-year college degree","6","Mountain",88787.70739,"acer"
120596.2478,61,"4-year college degree","9","Pacific",90226.85803,"sony"
125221.0807,52,"Some College","16","East North Central",367598.9261,"acer"
41730.17267,69,"High School Degree","16","Mountain",387515.5009,"acer"
98060.47113,31,"High School Degree","1","West North Central",181224.2363,"acer"
150000,79,"4-year college degree","7","East North Central",154903.6874,"sony"
99453.92446,56,"High School Degree","3","Mountain",307624.5654,"acer"
68705.14032,37,"Masters or Doctoral","9","West South Central",138172.4133,"acer"
82692.75707,38,"4-year college degree","14","South Atlantic",96437.31808,"acer"
86673.96911,47,"High School Degree","9","New England",322651.3474,"acer"
123121.2511,52,"Less than High School","17","East North Central",431211.7157,"acer"
61117.49478,61,"Some College","10","East North Central",56354.40583,"acer"
78060.22798,43,"High School Degree","19","Mid-Atlantic",475168.0782,"acer"
20000,32,"4-year college degree","17","West South Central",93379.90072,"sony"
53038.59233,40,"Less than High School","18","West North Central",341329.5898,"sony"
68646.13192,33,"Less than High School","7","East South Cental",42284.5055,"acer"
40029.59288,51,"High School Degree","12","Pacific",164864.4372,"sony"
128935.1316,30,"Less than High School","14","West North Central",148601.6319,"sony"
20000,24,"High School Degree","7","Pacific",399658.0276,"sony"
132680.0084,28,"Less than High School","13","West North Central",221316.3129,"sony"
89463.95111,61,"Some College","12","East South Cental",498376.678,"sony"
68391.68785,20,"Less than High School","5","East South Cental",311679.7064,"acer"
52230.72455,53,"Some College","5","South Atlantic",181152.8558,"sony"
66933.66849,28,"High School Degree","11","East North Central",483940.7223,"acer"
49282.55084,54,"Some College","13","South Atlantic",238571.0827,"sony"
149700.3776,28,"Some College","12","East South Cental",347974.6338,"sony"
138818.2589,68,"Some College","18","Pacific",203972.826,"sony"
97761.67402,62,"Some College","10","East North Central",233658.9836,"sony"
26468.06829,80,"Masters or Doctoral","11","New England",439572.484,"acer"
66611.76138,32,"Some College","3","Mid-Atlantic",23778.53948,"acer"
87869.46538,31,"4-year college degree","14","East North Central",313621.9463,"acer"
132972.9541,56,"High School Degree","17","South Atlantic",341547.2208,"sony"
32481.43489,20,"Less than High School","3","Pacific",164873.0146,"sony"
57149.79465,52,"Masters or Doctoral","9","Mountain",478100.4528,"sony"
129519.3739,46,"Masters or Doctoral","7","Mid-Atlantic",67500.16485,"sony"
133375.8801,42,"Masters or Doctoral","14","West South Central",378117.5107,"sony"
20000,55,"Masters or Doctoral","20","East South Cental",14763.3828,"sony"
41072.27445,25,"Some College","3","West South Central",282784.2424,"sony"
104455.4437,48,"4-year college degree","17","East North Central",331317.572,"acer"
42386.53808,29,"Some College","2","East South Cental",443100.4111,"sony"
72670.86349,24,"4-year college degree","9","South Atlantic",5e+05,"acer"
94704.59836,67,"High School Degree","16","Mid-Atlantic",103231.7316,"sony"
126706.154,26,"Masters or Doctoral","13","New England",437967.219,"sony"
125472.5227,23,"Less than High School","5","Mid-Atlantic",95412.18856,"sony"
63715.31304,40,"Some College","4","New England",86124.13603,"acer"
97410.21944,47,"High School Degree","16","Mountain",82246.75707,"acer"
90959.60223,39,"Less than High School","15","Mountain",387615.9611,"acer"
42314.49964,35,"Some College","7","Pacific",172461.6491,"sony"
110407.5346,44,"Less than High School","15","East North Central",240784.4523,"acer"
40039.65099,27,"High School Degree","20","New England",312747.6947,"sony"
41779.87823,77,"Some College","11","New England",215210.2512,"acer"
27182.36703,36,"4-year college degree","2","West South Central",417019.2157,"sony"
87360.73326,54,"Less than High School","12","New England",118040.0905,"acer"
116120.071,27,"Masters or Doctoral","9","South Atlantic",0,"sony"
100639.1183,43,"4-year college degree","6","Mid-Atlantic",316756.9258,"acer"
122561.5305,62,"Less than High School","4","Mountain",13040.52641,"sony"
79434.92296,62,"4-year college degree","4","South Atlantic",203451.2477,"sony"
127812.0264,52,"High School Degree","16","Pacific",480278.9423,"acer"
23844.10997,23,"4-year college degree","14","West South Central",280821.9179,"sony"
138077.4737,49,"Less than High School","20","West South Central",483943.6639,"sony"
52047.48695,63,"Less than High School","19","West South Central",219367.3341,"acer"
35529.29421,52,"Some College","12","East South Cental",433343.2971,"sony"
128979.211,38,"Less than High School","6","East South Cental",323668.5527,"sony"
40088.93917,72,"Less than High School","11","East North Central",144261.0371,"acer"
75754.35814,56,"Some College","6","New England",5e+05,"acer"
106902.2314,66,"Masters or Doctoral","12","East North Central",219522.9398,"sony"
53379.84323,57,"4-year college degree","11","Mountain",132013.8398,"sony"
96495.63461,24,"Some College","9","Mountain",427491.8489,"acer"
145831.2424,73,"High School Degree","17","New England",26547.40723,"sony"
133229.4462,66,"Some College","19","East North Central",167002.4614,"sony"
86217.63997,26,"High School Degree","9","Mountain",15.069409,"acer"
86891.41511,53,"Less than High School","13","Mid-Atlantic",375925.1087,"acer"
50987.97029,80,"Less than High School","11","Mountain",24969.21024,"acer"
20000,66,"Some College","20","South Atlantic",219955.8668,"sony"
92590.09251,31,"Some College","16","West North Central",419789.5448,"acer"
65239.05255,65,"Masters or Doctoral","9","East North Central",313068.7322,"acer"
85423.46938,60,"4-year college degree","8","East North Central",143521.2838,"acer"
89551.38131,72,"High School Degree","1","West South Central",110942.659,"sony"
73749.06079,36,"Less than High School","18","East North Central",219869.7572,"acer"
65770.55353,68,"4-year college degree","2","Mountain",256229.6144,"acer"
134494.9163,33,"Some College","8","East North Central",484434.7334,"sony"
65454.00412,32,"Less than High School","16","East North Central",15518.60415,"acer"
146394.2245,20,"Less than High School","13","East South Cental",17971.72889,"sony"
149735.142,53,"Less than High School","14","Mid-Atlantic",323029.7394,"sony"
113212.6092,38,"High School Degree","6","West South Central",152723.999,"sony"
150000,26,"High School Degree","13","West North Central",208628.2188,"sony"
65241.64739,69,"Some College","4","West South Central",436815.2943,"acer"
52260.50717,30,"High School Degree","2","East South Cental",167614.1728,"acer"
61125.53466,60,"Less than High School","7","West North Central",5e+05,"acer"
122442.7133,28,"High School Degree","17","Pacific",357124.2025,"sony"
29904.58674,64,"Masters or Doctoral","17","Pacific",448106.9137,"acer"
94758.96428,70,"High School Degree","20","West North Central",205676.1272,"sony"
38748.13505,20,"Less than High School","20","East South Cental",354035.2919,"sony"
129601.5309,58,"Some College","3","East South Cental",199052.3872,"sony"
85546.19306,51,"Some College","18","West South Central",410639.7668,"acer"
118025.5006,31,"Some College","17","West North Central",270797.0065,"sony"
62817.02464,45,"Some College","11","Mountain",398717.7076,"sony"
108177.7893,30,"4-year college degree","4","Mountain",347755.7561,"sony"
20000,37,"Some College","5","West South Central",77235.85774,"sony"
43761.73854,69,"Masters or Doctoral","18","West North Central",179955.7044,"acer"
137892.7601,75,"Masters or Doctoral","1","Mountain",85063.49681,"sony"
51177.01485,28,"4-year college degree","8","New England",362274.9264,"acer"
92539.27259,34,"Some College","5","South Atlantic",465168.8652,"acer"
98987.38755,39,"High School Degree","13","East South Cental",365614.409,"acer"
139338.4511,37,"4-year college degree","15","South Atlantic",5e+05,"sony"
92051.77728,63,"Less than High School","20","New England",188586.5192,"sony"
107113.9429,20,"Some College","19","New England",367987.7902,"sony"
31693.21534,46,"4-year college degree","18","West North Central",90758.24923,"sony"
149342.0079,24,"Less than High School","19","Mid-Atlantic",180874.8775,"sony"
109382.145,30,"4-year college degree","13","East South Cental",118859.7932,"sony"
109323.4616,80,"Some College","7","Mid-Atlantic",259460.9223,"sony"
120354.3059,53,"High School Degree","18","East North Central",131241.636,"acer"
33646.32329,40,"High School Degree","19","New England",446143.6253,"sony"
111960.8941,57,"Some College","12","East South Cental",179699.983,"acer"
54669.04415,60,"Some College","5","Mid-Atlantic",233110.0593,"acer"
101840.7279,63,"High School Degree","20","East North Central",416106.7236,"sony"
68703.6422,47,"Masters or Doctoral","12","Mid-Atlantic",63872.77664,"sony"
20000,32,"Masters or Doctoral","12","East North Central",18203.67614,"sony"
142720.6628,56,"Some College","3","Mountain",202577.1045,"sony"
67377.70255,29,"High School Degree","6","South Atlantic",28750.49605,"acer"
49552.5752,64,"Some College","19","Mountain",464419.3081,"acer"
113936.6135,44,"Masters or Doctoral","13","Pacific",402256.5939,"acer"
77710.46102,41,"4-year college degree","1","East South Cental",313742.9024,"acer"
63435.3638,36,"Masters or Doctoral","2","South Atlantic",105805.2101,"acer"
36195.80112,35,"Less than High School","9","West North Central",0,"sony"
36329.70999,20,"4-year college degree","13","New England",256140.3841,"sony"
145105.5932,60,"Masters or Doctoral","17","East North Central",287926.4383,"sony"
45812.30001,80,"4-year college degree","1","East South Cental",462624.3591,"acer"
81512.31202,24,"4-year college degree","13","West North Central",247920.4056,"acer"
111797.3887,38,"Some College","11","West South Central",278253.0392,"sony"
113777.9064,42,"High School Degree","14","New England",134212.6636,"acer"
95975.01206,28,"Less than High School","18","West South Central",386113.1324,"acer"
40100.00897,26,"High School Degree","12","South Atlantic",92354.90572,"sony"
67313.85195,64,"Some College","19","Mid-Atlantic",125769.8786,"acer"
91939.01162,67,"Masters or Doctoral","19","Pacific",353282.717,"sony"
53291.24768,68,"Some College","14","Pacific",0,"acer"
121640.3291,20,"4-year college degree","8","West South Central",307446.927,"sony"
134067.4638,25,"4-year college degree","2","Pacific",280453.9745,"sony"
77276.74012,63,"Less than High School","18","Mid-Atlantic",157464.8563,"sony"
33547.30649,51,"Less than High School","12","Pacific",0,"sony"
71581.65064,46,"Some College","18","Mountain",129302.1858,"sony"
98347.1498,58,"High School Degree","20","West North Central",99083.06688,"acer"
65856.0318,66,"Masters or Doctoral","13","East South Cental",373285.6038,"acer"
79318.7709,44,"Some College","15","East North Central",171109.8659,"acer"
118560.0107,75,"Masters or Doctoral","19","West South Central",263275.7628,"sony"
84822.87008,76,"Some College","19","Pacific",178278.3471,"sony"
21737.90118,78,"Some College","20","West North Central",337176.5812,"sony"
132822.7524,42,"Masters or Doctoral","2","Mountain",40670.03014,"sony"
46690.01544,38,"Less than High School","3","West North Central",17454.10818,"sony"
51788.4214,48,"4-year college degree","12","Mid-Atlantic",481658.3056,"sony"
131597.3428,62,"Masters or Doctoral","8","West North Central",305579.9631,"sony"
117602.6762,62,"Masters or Doctoral","11","Mid-Atlantic",311884.948,"sony"
26362.9602,77,"High School Degree","20","East North Central",278640.7011,"acer"
89697.0344,32,"4-year college degree","11","West North Central",405569.8548,"acer"
52930.53614,63,"High School Degree","20","West North Central",235232.7598,"acer"
64764.06557,67,"Some College","2","East North Central",143646.1172,"acer"
132734.2174,80,"Some College","3","Mid-Atlantic",418513.6674,"sony"
23601.89641,47,"High School Degree","7","West South Central",17044.02518,"sony"
30821.17591,45,"Some College","13","Mid-Atlantic",447544.314,"sony"
137708.179,61,"High School Degree","12","Pacific",330549.9886,"sony"
150000,53,"4-year college degree","12","East North Central",108401.2089,"sony"
116877.807,50,"4-year college degree","11","Mountain",294980.828,"acer"
126430.5506,78,"High School Degree","12","South Atlantic",343700.1412,"sony"
20000,44,"Less than High School","3","New England",220834.7089,"sony"
139732.9882,66,"High School Degree","6","Mid-Atlantic",425676.7803,"sony"
91380.77966,56,"High School Degree","11","East South Cental",302434.3917,"acer"
26693.23148,27,"4-year college degree","10","West North Central",348138.7879,"sony"
112664.6459,51,"Some College","9","West North Central",474434.7296,"acer"
147888.8843,75,"Some College","19","South Atlantic",36107.26522,"sony"
111265.5165,41,"4-year college degree","14","Mid-Atlantic",55051.72921,"acer"
58108.57334,76,"Some College","7","Mountain",279641.4178,"acer"
116639.2946,44,"High School Degree","2","West North Central",385025.1366,"acer"
20202.62433,53,"Less than High School","20","Mountain",370160.6401,"sony"
36339.40991,51,"Less than High School","14","West North Central",255261.6496,"sony"
93831.65979,42,"4-year college degree","8","West South Central",144206.3488,"acer"
104607.5083,66,"High School Degree","8","West North Central",121894.4739,"sony"
94095.14572,74,"Less than High School","8","West South Central",314377.4945,"sony"
79761.17257,33,"Some College","10","East North Central",38566.25433,"acer"
138079.0007,63,"Some College","3","West South Central",434829.3768,"sony"
40820.75224,54,"High School Degree","14","East North Central",5e+05,"sony"
64544.47643,78,"Masters or Doctoral","17","Mountain",437461.7477,"acer"
131124.8917,23,"High School Degree","19","Mountain",192661.0231,"sony"
106954.5261,40,"Less than High School","1","West South Central",301493.8468,"acer"
82991.99589,78,"4-year college degree","19","East South Cental",96785.45409,"sony"
23273.30841,34,"4-year college degree","6","West North Central",254587.4325,"sony"
106029.0159,20,"Some College","6","New England",479454.7582,"sony"
53140.89511,57,"4-year college degree","1","Mid-Atlantic",302195.902,"sony"
25490.70701,24,"Masters or Doctoral","9","West North Central",107084.9625,"sony"
34141.7386,67,"Less than High School","16","Mountain",486395.9265,"acer"
91953.47343,52,"High School Degree","11","New England",287956.9099,"acer"
41662.86461,79,"4-year college degree","10","Pacific",435034.8248,"acer"
77344.60805,79,"Masters or Doctoral","20","Mountain",316665.4589,"sony"
150000,56,"Less than High School","3","Pacific",471712.107,"sony"
116504.3192,66,"4-year college degree","6","New England",285584.1192,"sony"
44118.39109,23,"Masters or Doctoral","4","West South Central",377683.3129,"sony"
123738.3907,21,"High School Degree","18","Mid-Atlantic",451674.7616,"sony"
22076.71829,71,"Some College","14","East South Cental",280637.3456,"sony"
94444.30162,64,"Masters or Doctoral","9","West South Central",126461.9475,"sony"
122490.8939,79,"High School Degree","18","Pacific",66047.73752,"sony"
92479.04456,61,"Some College","8","South Atlantic",350633.6193,"sony"
136730.4684,79,"4-year college degree","11","East North Central",292663.3654,"sony"
137066.6634,72,"Masters or Doctoral","12","Pacific",286972.0223,"sony"
118921.1565,26,"4-year college degree","1","New England",338598.3933,"sony"
140540.2756,59,"Less than High School","18","New England",308251.1521,"sony"
145213.8101,62,"Less than High School","3","Mountain",436774.9484,"sony"
131995.8069,20,"High School Degree","1","Mid-Atlantic",27770.19283,"sony"
51010.51316,50,"High School Degree","7","New England",480181.3275,"sony"
148200.7311,44,"Some College","19","West North Central",74999.38491,"sony"
132246.6453,79,"4-year college degree","14","Mid-Atlantic",467861.5037,"sony"
109130.2447,41,"High School Degree","9","East South Cental",102491.1276,"acer"
30910.8848,71,"Masters or Doctoral","14","Pacific",289296.8822,"acer"
40580.19309,65,"Masters or Doctoral","12","Pacific",38957.62472,"acer"
126554.0408,38,"Less than High School","5","Mountain",301260.252,"sony"
40353.26575,41,"Less than High School","5","West South Central",431269.7694,"sony"
123332.9122,80,"Some College","8","West North Central",119575.0908,"sony"
50457.77686,21,"High School Degree","19","Mountain",489563.216,"acer"
47542.40726,64,"High School Degree","13","South Atlantic",453236.2656,"acer"
150000,76,"Some College","10","Mid-Atlantic",389959.7558,"sony"
70190.08447,20,"Masters or Doctoral","3","New England",368400.3953,"acer"
116433.384,37,"Less than High School","19","West South Central",336924.9872,"sony"
140411.4464,20,"Masters or Doctoral","14","West North Central",337372.4148,"sony"
90349.05013,71,"Masters or Doctoral","17","Mid-Atlantic",83758.82641,"sony"
49781.06201,28,"Some College","8","South Atlantic",136060.6104,"sony"
101404.342,39,"4-year college degree","18","Mountain",99002.67092,"acer"
61073.18276,68,"Less than High School","6","Mid-Atlantic",305634.4057,"acer"
83874.95308,62,"Some College","1","West South Central",87097.66188,"sony"
114136.8173,50,"High School Degree","10","West North Central",63965.70366,"acer"
142135.923,63,"High School Degree","5","West North Central",64179.57075,"sony"
112337.8763,64,"4-year college degree","11","Pacific",74728.1743,"sony"
66100.99315,22,"Less than High School","1","East North Central",133833.3802,"acer"
113274.5842,31,"4-year college degree","16","South Atlantic",200447.5129,"sony"
75955.76218,63,"High School Degree","1","Mid-Atlantic",69788.2347,"sony"
94925.84565,55,"Less than High School","14","Pacific",98252.05823,"acer"
53916.19066,24,"Some College","7","West South Central",423909.4298,"acer"
125396.0458,50,"Some College","12","West South Central",497719.186,"sony"
135261.8667,39,"Masters or Doctoral","2","Mid-Atlantic",297952.0997,"sony"
28153.8264,20,"Masters or Doctoral","18","Mountain",459574.7642,"sony"
55188.13785,22,"Masters or Doctoral","11","South Atlantic",295337.8688,"acer"
106298.9017,51,"High School Degree","5","Mid-Atlantic",159915.0469,"acer"
114704.3879,64,"Less than High School","3","East North Central",444501.1689,"sony"
44211.37717,53,"High School Degree","4","New England",323808.3508,"sony"
116173.947,54,"Masters or Doctoral","7","West South Central",456530.5633,"acer"
25120.73824,76,"Less than High School","2","West North Central",130417.0187,"sony"
48195.31877,27,"Masters or Doctoral","20","Pacific",186317.0349,"sony"
117219.2255,35,"Less than High School","20","East North Central",352230.4885,"sony"
91377.35359,47,"4-year college degree","20","West South Central",496631.1848,"acer"
106776.1297,57,"Masters or Doctoral","8","East North Central",32752.79911,"acer"
80827.61142,77,"High School Degree","16","Mountain",219993.1864,"sony"
145973.8647,55,"Masters or Doctoral","3","Mid-Atlantic",363595.0656,"sony"
74977.06828,69,"4-year college degree","20","Mountain",54627.23021,"sony"
48033.17283,59,"Some College","8","South Atlantic",85939.60649,"sony"
27500.95335,22,"Some College","5","East North Central",172431.2583,"sony"
122349.6858,50,"4-year college degree","13","Mid-Atlantic",226125.1159,"acer"
107275.7504,51,"Some College","18","Mountain",473149.1105,"acer"
51011.98822,46,"Less than High School","5","East South Cental",59437.15225,"sony"
42450.52404,72,"4-year college degree","10","East North Central",407117.558,"acer"
79767.93209,36,"Masters or Doctoral","3","South Atlantic",349846.631,"acer"
83174.50322,24,"4-year college degree","8","East North Central",251905.4749,"acer"
82983.60598,65,"Some College","11","South Atlantic",311029.7943,"sony"
79342.9612,44,"Masters or Doctoral","13","Pacific",424888.4189,"acer"
144844.4864,39,"4-year college degree","4","Pacific",242506.1429,"sony"
109003.3161,38,"Less than High School","10","West North Central",194751.5651,"sony"
43760.80845,69,"Masters or Doctoral","8","West South Central",402640.4151,"acer"
48222.52924,27,"4-year college degree","16","Mid-Atlantic",150828.3867,"sony"
136729.9996,78,"Masters or Doctoral","8","Mid-Atlantic",420371.8649,"sony"
132093.0566,47,"4-year college degree","13","South Atlantic",149995.6364,"sony"
125628.4475,55,"Less than High School","18","South Atlantic",186688.8608,"sony"
20555.05669,63,"Less than High School","5","Mid-Atlantic",124993.4542,"sony"
50122.5618,40,"Less than High School","3","New England",85461.29512,"sony"
34126.10225,44,"Less than High School","3","South Atlantic",109814.7447,"sony"
48961.72457,41,"Some College","15","Mid-Atlantic",17864.7533,"sony"
84159.6108,55,"Masters or Doctoral","1","East North Central",203631.3978,"acer"
84134.19493,68,"High School Degree","10","Mid-Atlantic",206743.9337,"sony"
59546.72551,27,"Some College","16","East South Cental",29633.18404,"acer"
45246.65115,29,"Masters or Doctoral","6","West South Central",408529.9601,"sony"
72270.20313,30,"Masters or Doctoral","5","South Atlantic",367950.0572,"acer"
65678.57449,75,"4-year college degree","17","East North Central",43082.70013,"acer"
106188.0603,26,"Some College","12","East South Cental",157020.6222,"sony"
60551.24242,38,"Masters or Doctoral","5","New England",199596.5473,"acer"
104691.1763,33,"Less than High School","7","Mid-Atlantic",24992.8629,"sony"
83646.07336,24,"Masters or Doctoral","7","East North Central",271015.418,"acer"
115831.8441,20,"High School Degree","6","East South Cental",44615.72631,"sony"
99957.54158,65,"4-year college degree","9","Mid-Atlantic",210800.5944,"sony"
47581.89374,75,"Less than High School","7","Mountain",444630.9262,"acer"
25465.24742,42,"Less than High School","20","West North Central",377263.8032,"sony"
25038.41543,59,"Some College","19","West South Central",103818.3188,"sony"
140737.634,64,"Masters or Doctoral","9","Mid-Atlantic",212606.2276,"sony"
79889.49351,69,"High School Degree","4","East South Cental",280288.3027,"sony"
73244.09551,71,"High School Degree","14","Pacific",357526.4342,"acer"
96216.1513,49,"Some College","18","South Atlantic",490430.2876,"acer"
79691.3579,77,"High School Degree","5","West South Central",185835.8832,"sony"
36660.27557,33,"Masters or Doctoral","17","West South Central",87946.12585,"sony"
36980.26282,61,"High School Degree","18","New England",249542.5925,"acer"
63876.10276,56,"High School Degree","2","West South Central",137363.6688,"sony"
27301.47298,20,"Some College","8","Pacific",302469.8025,"sony"
79177.40822,57,"High School Degree","9","West North Central",288979.1983,"acer"
63162.93221,75,"Masters or Doctoral","1","East North Central",368790.3889,"acer"
75116.07129,31,"High School Degree","9","Mid-Atlantic",473713.3659,"acer"
144026.3539,80,"4-year college degree","16","West North Central",128177.8456,"sony"
41112.58607,65,"Masters or Doctoral","19","Mid-Atlantic",317253.5442,"acer"
49849.59733,56,"4-year college degree","19","New England",77846.63002,"sony"
68017.81565,68,"High School Degree","9","Mountain",397282.6191,"acer"
50763.67156,48,"4-year college degree","20","East South Cental",43555.2087,"sony"
116518.9753,57,"4-year college degree","19","East South Cental",451218.9426,"acer"
136799.4139,25,"4-year college degree","11","East South Cental",145469.1188,"sony"
39787.47603,36,"4-year college degree","20","Mountain",420736.4407,"sony"
122492.8831,24,"High School Degree","11","Pacific",458673.8561,"sony"
32963.33265,43,"Some College","19","East South Cental",99555.44391,"sony"
138993.8461,22,"4-year college degree","17","East North Central",195582.1077,"sony"
86187.50624,37,"High School Degree","11","Mid-Atlantic",5e+05,"acer"
94212.09511,67,"4-year college degree","19","Mountain",358181.6042,"sony"
22766.49681,59,"Masters or Doctoral","3","East South Cental",183539.2064,"sony"
125047.8693,51,"Masters or Doctoral","7","New England",127402.9728,"acer"
23452.01781,39,"Masters or Doctoral","14","East North Central",5e+05,"sony"
98288.15031,24,"High School Degree","6","West North Central",444739.3177,"sony"
97336.60452,45,"Some College","2","South Atlantic",319986.2874,"acer"
48236.39874,31,"Less than High School","5","East South Cental",494330.3204,"sony"
55803.56431,43,"Less than High School","13","Mountain",23770.03937,"sony"
121504.0752,49,"4-year college degree","11","West South Central",143317.1531,"acer"
63256.44377,54,"4-year college degree","14","Mountain",312240.9542,"sony"
113970.593,26,"Less than High School","20","West South Central",437179.4268,"sony"
82721.80712,55,"Masters or Doctoral","3","Mountain",107806.9226,"acer"
146551.7458,66,"4-year college degree","1","New England",169312.4147,"sony"
83159.62092,31,"4-year college degree","8","East South Cental",247790.9863,"acer"
85900.11742,47,"Some College","14","Pacific",156489.8033,"acer"
80817.99196,68,"Less than High School","18","West South Central",108146.3371,"sony"
83200.49621,51,"Less than High School","6","Mid-Atlantic",437246.18,"acer"
28454.15997,24,"Some College","14","Mountain",408854.949,"sony"
146243.3047,36,"High School Degree","16","Mid-Atlantic",8154.669546,"sony"
113220.9382,59,"4-year college degree","18","East South Cental",322310.6526,"acer"
131473.2507,48,"Some College","4","Mountain",166347.8682,"sony"
81863.52039,60,"Some College","9","East North Central",416360.8755,"sony"
72316.49583,68,"Less than High School","10","West North Central",45951.62882,"acer"
48681.90555,33,"High School Degree","9","West North Central",198048.5288,"acer"
64068.30041,33,"Some College","12","South Atlantic",225367.0553,"acer"
130494.3145,66,"Masters or Doctoral","15","West North Central",143560.1286,"sony"
143112.0179,21,"Masters or Doctoral","17","West South Central",371585.4789,"sony"
22237.85666,50,"Less than High School","18","Mountain",72425.79158,"sony"
75293.12778,44,"Masters or Doctoral","8","West North Central",468251.1007,"acer"
140549.6619,74,"4-year college degree","2","West North Central",0,"sony"
93545.34701,22,"Masters or Doctoral","5","South Atlantic",454962.094,"acer"
141771.4142,65,"High School Degree","12","East North Central",86210.24344,"sony"
92969.62529,48,"Less than High School","1","Mid-Atlantic",171677.8417,"acer"
111146.534,40,"High School Degree","12","East North Central",484072.8056,"acer"
46010.78484,38,"Masters or Doctoral","14","West North Central",130358.0381,"sony"
29043.43229,55,"Masters or Doctoral","19","East North Central",88877.86732,"sony"
75663.75511,64,"Some College","11","New England",161319.1891,"sony"
101543.0338,49,"4-year college degree","6","Mid-Atlantic",407636.0774,"acer"
31911.46072,38,"High School Degree","19","South Atlantic",72375.45138,"sony"
127839.5678,49,"4-year college degree","9","New England",395411.4843,"sony"
115630.7944,27,"Some College","20","West North Central",485226.2169,"sony"
124349.6895,74,"4-year college degree","3","West North Central",15837.37088,"sony"
112728.294,70,"Some College","19","East South Cental",102089.3235,"sony"
84079.89337,65,"High School Degree","10","East North Central",305952.2639,"sony"
141261.6447,51,"Less than High School","16","West South Central",362923.8321,"sony"
140777.0069,74,"Masters or Doctoral","19","Mid-Atlantic",278426.2123,"sony"
108282.443,52,"High School Degree","10","South Atlantic",211513.269,"acer"
90769.90534,51,"Masters or Doctoral","11","West South Central",469905.1632,"acer"
54754.49603,47,"Masters or Doctoral","14","Mountain",42974.86061,"sony"
35222.9594,53,"Some College","19","West South Central",485813.3571,"sony"
126169.7386,32,"Some College","4","Mountain",5e+05,"sony"
100436.9894,80,"Some College","8","Pacific",375168.1222,"sony"
76781.84711,65,"Some College","10","Mountain",400711.0066,"sony"
80505.20297,40,"4-year college degree","16","West South Central",14014.43812,"acer"
106133.3493,66,"4-year college degree","15","New England",156800.6044,"sony"
132939.2874,56,"4-year college degree","5","West North Central",486728.882,"sony"
150000,28,"Some College","5","New England",308398.7046,"sony"
38946.12013,42,"Less than High School","12","South Atlantic",165372.3742,"sony"
108339.9204,37,"Masters or Doctoral","3","New England",307155.0901,"sony"
124683.3649,52,"Masters or Doctoral","6","East South Cental",430780.8364,"acer"
92930.35461,69,"Some College","6","Mountain",337056.1829,"sony"
48799.95236,28,"Some College","18","Pacific",158942.706,"sony"
55070.89088,36,"High School Degree","7","East North Central",306894.3026,"acer"
64976.65788,40,"High School Degree","9","Mid-Atlantic",37935.0286,"acer"
73764.65098,77,"Less than High School","18","New England",371555.9176,"sony"
79961.2567,33,"High School Degree","5","East South Cental",34212.3647,"acer"
49846.88486,20,"4-year college degree","20","East South Cental",254861.2623,"sony"
105758.05,50,"Less than High School","18","West North Central",93776.37903,"acer"
33338.97901,62,"4-year college degree","18","Pacific",319539.1935,"acer"
55673.27195,46,"Less than High School","5","West South Central",210490.2999,"sony"
55061.06655,26,"Some College","8","Pacific",122881.9995,"acer"
86140.2075,25,"4-year college degree","6","South Atlantic",94790.70662,"acer"
104150.2658,24,"Less than High School","11","East North Central",35382.6675,"sony"
32269.39634,45,"High School Degree","20","South Atlantic",53812.15192,"sony"
150000,36,"Some College","17","South Atlantic",115754.0609,"sony"
110936.8396,25,"4-year college degree","3","Mountain",120873.4378,"sony"
110297.9198,29,"Less than High School","13","West South Central",198447.5456,"sony"
150000,62,"Some College","2","Mountain",0,"sony"
118847.1271,66,"Masters or Doctoral","2","Mountain",119458.4015,"sony"
37764.31441,61,"High School Degree","9","Mountain",332287.1972,"acer"
51679.03717,70,"Some College","19","South Atlantic",243315.9858,"acer"
116650.8718,28,"Masters or Doctoral","8","East South Cental",398835.3507,"sony"
20000,49,"High School Degree","16","Mid-Atlantic",432319.2142,"sony"
119671.6835,71,"Masters or Doctoral","18","East North Central",437298.3977,"sony"
51652.69231,25,"Masters or Doctoral","12","New England",120585.9247,"acer"
49735.55222,45,"Less than High School","15","Mid-Atlantic",437722.3612,"sony"
113251.5544,65,"Some College","13","West South Central",228606.6164,"sony"
30553.88228,46,"Masters or Doctoral","4","East South Cental",425667.8727,"sony"
20000,44,"Less than High School","10","East South Cental",422270.9187,"sony"
52162.3712,32,"High School Degree","8","Mountain",443565.7137,"acer"
61874.47922,36,"Masters or Doctoral","18","East North Central",349653.5608,"acer"
50785.96746,25,"Less than High School","15","Mountain",104398.0507,"acer"
64649.44453,58,"Less than High School","11","South Atlantic",308192.6914,"sony"
119148.6179,26,"Less than High School","2","West North Central",93134.67898,"sony"
81315.60414,27,"High School Degree","17","East South Cental",26021.98513,"acer"
139889.3881,48,"High School Degree","13","East North Central",236159.7221,"sony"
26542.22902,38,"Masters or Doctoral","12","Mountain",10448.5104,"sony"
130935.2104,72,"High School Degree","2","Mountain",450859.2871,"sony"
47068.66022,65,"Some College","12","Pacific",216170.0631,"acer"
138654.2582,77,"Masters or Doctoral","19","Pacific",491682.5535,"sony"
31952.10062,52,"Masters or Doctoral","12","South Atlantic",230599.7115,"sony"
98573.43835,39,"Less than High School","13","East South Cental",94446.67998,"acer"
125042.829,73,"4-year college degree","17","Mid-Atlantic",419162.2717,"sony"
132778.0563,68,"Some College","19","New England",445154.6665,"sony"
135789.1537,46,"4-year college degree","9","East North Central",470243.7373,"sony"
84658.06881,69,"Masters or Doctoral","2","East South Cental",254557.5564,"sony"
135813.0269,37,"Less than High School","2","East North Central",233078.8801,"sony"
91075.80703,55,"High School Degree","20","New England",278023.5946,"acer"
27759.22399,34,"Some College","11","South Atlantic",375561.008,"sony"
117983.4807,29,"4-year college degree","3","Mountain",410451.9033,"sony"
31894.82164,22,"High School Degree","13","Pacific",95541.23956,"sony"
27260.63106,52,"Masters or Doctoral","10","Pacific",102876.3369,"sony"
79880.22051,69,"Masters or Doctoral","3","South Atlantic",176794.2803,"sony"
105010.1073,62,"Less than High School","18","South Atlantic",452099.6994,"sony"
29802.84169,79,"4-year college degree","10","New England",420856.2674,"acer"
26981.19713,29,"Masters or Doctoral","15","East North Central",397791.0193,"sony"
84091.9594,23,"4-year college degree","1","South Atlantic",106114.426,"acer"
29480.96207,75,"High School Degree","15","New England",374788.5186,"acer"
59038.76449,58,"Some College","1","West North Central",41691.20496,"acer"
142630.7299,52,"Less than High School","2","Mid-Atlantic",118124.5391,"sony"
134767.2239,48,"High School Degree","8","South Atlantic",59709.73597,"sony"
122178.3695,28,"4-year college degree","16","East North Central",365006.144,"sony"
109113.6185,31,"Masters or Doctoral","6","West South Central",381194.5632,"sony"
93399.18312,38,"Masters or Doctoral","18","South Atlantic",451344.2263,"acer"
34009.47228,30,"Some College","5","West South Central",436324.7065,"sony"
85203.20642,43,"Less than High School","16","Mountain",1806.820064,"acer"
28031.6738,34,"High School Degree","11","East South Cental",66063.10398,"sony"
71035.2001,67,"Less than High School","13","South Atlantic",452968.0694,"acer"
25717.89144,26,"Masters or Doctoral","1","East North Central",360491.9229,"sony"
51317.27726,47,"Less than High School","14","Pacific",244539.9488,"sony"
73439.51301,45,"Some College","14","South Atlantic",130942.3475,"sony"
100771.1402,60,"Some College","12","East North Central",215226.7207,"sony"
89527.86891,52,"4-year college degree","2","East South Cental",242632.262,"acer"
126938.1491,57,"Less than High School","9","Mid-Atlantic",69940.04352,"sony"
61139.58539,29,"Less than High School","14","East North Central",67783.56392,"acer"
98873.76354,35,"Some College","10","West North Central",406428.3311,"acer"
87903.97926,68,"Masters or Doctoral","17","Mountain",204655.9898,"sony"
35287.37039,66,"4-year college degree","8","Pacific",448374.9023,"acer"
141520.1319,51,"High School Degree","3","Mountain",138794.8907,"sony"
66066.64991,61,"Masters or Doctoral","8","Mid-Atlantic",3630.838601,"acer"
57174.75998,20,"High School Degree","2","New England",477722.1198,"acer"
33334.33677,53,"Less than High School","17","West South Central",481607.6124,"sony"
79078.79075,37,"Less than High School","5","East North Central",365615.156,"acer"
77273.22939,33,"4-year college degree","3","East South Cental",418944.0999,"acer"
39460.244,20,"Some College","2","Pacific",235572.8,"sony"
125339.7652,63,"Less than High School","5","East North Central",193018.6543,"sony"
74500.53319,78,"Masters or Doctoral","20","East North Central",255667.7044,"sony"
67889.74607,69,"Masters or Doctoral","7","Mountain",43219.58725,"acer"
144491.5825,77,"High School Degree","1","East North Central",26320.36876,"sony"
77207.77261,36,"Masters or Doctoral","6","East South Cental",381654.871,"acer"
112577.1478,22,"Some College","5","Mountain",31359.33605,"sony"
79847.56204,37,"High School Degree","6","East North Central",261507.3836,"acer"
65003.63965,62,"Some College","19","Pacific",433782.4597,"acer"
41377.87228,48,"Some College","5","West North Central",382841.6921,"sony"
31023.37816,22,"Some College","1","New England",164071.7256,"sony"
83391.36884,56,"4-year college degree","17","East South Cental",337244.6585,"acer"
120731.231,73,"4-year college degree","13","Mid-Atlantic",86815.77218,"sony"
150000,60,"4-year college degree","3","South Atlantic",238013.0745,"sony"
141404.3464,22,"Some College","10","South Atlantic",306152.4224,"sony"
33525.95774,69,"High School Degree","7","West North Central",403337.4574,"acer"
55921.63531,32,"Less than High School","5","Pacific",186438.7773,"acer"
132875.9334,80,"Masters or Doctoral","5","West South Central",29530.68716,"sony"
137800.3026,34,"High School Degree","16","West South Central",92640.19642,"sony"
49861.86945,25,"Less than High School","5","West South Central",78666.07089,"sony"
65065.09103,39,"4-year college degree","18","Mid-Atlantic",315102.094,"acer"
43248.09255,45,"Less than High School","2","West South Central",384427.812,"sony"
107489.4172,38,"4-year college degree","11","Mid-Atlantic",202409.5386,"sony"
42924.62396,20,"Some College","9","Pacific",5e+05,"sony"
70196.20029,55,"Masters or Doctoral","7","Pacific",159717.5178,"sony"
61794.42895,71,"Some College","3","South Atlantic",285898.7458,"acer"
131913.4607,69,"Masters or Doctoral","17","South Atlantic",5e+05,"sony"
41054.92122,29,"Masters or Doctoral","19","South Atlantic",360513.5668,"sony"
108422.9108,74,"Masters or Doctoral","2","New England",208171.2015,"sony"
103360.1903,71,"Masters or Doctoral","7","East North Central",381887.8378,"sony"
42753.6681,54,"Less than High School","17","Pacific",451456.1465,"sony"
109161.5211,68,"Some College","9","West North Central",179673.8747,"sony"
148749.1886,55,"Some College","13","South Atlantic",388786.5298,"sony"
77763.03867,22,"High School Degree","9","South Atlantic",47665.97831,"acer"
144814.5299,42,"Some College","7","West North Central",142991.9897,"sony"
25751.91641,67,"Less than High School","7","Mid-Atlantic",196612.8687,"acer"
112601.0049,59,"4-year college degree","7","South Atlantic",281921.7599,"acer"
37552.50846,64,"Less than High School","4","West South Central",452032.2571,"acer"
99540.9611,37,"Masters or Doctoral","14","West North Central",208217.523,"acer"
20000,22,"Masters or Doctoral","19","South Atlantic",60746.57933,"sony"
125330.9258,54,"Some College","3","West South Central",215664.0723,"sony"
78919.84352,61,"4-year college degree","17","Mountain",4082.877773,"sony"
87539.46165,46,"4-year college degree","7","Mountain",352789.4425,"acer"
33728.26783,50,"Some College","10","East North Central",436252.405,"sony"
57157.71663,78,"4-year college degree","10","East South Cental",5e+05,"acer"
108318.0691,78,"4-year college degree","5","East North Central",216528.0912,"sony"
75170.71639,59,"Some College","8","West South Central",476572.5859,"acer"
46144.29562,25,"4-year college degree","1","East South Cental",0,"sony"
122853.1471,39,"High School Degree","11","West North Central",221097.0943,"sony"
130931.6603,30,"Less than High School","6","West South Central",467303.5307,"sony"
114961.8887,80,"Some College","3","New England",458372.2445,"sony"
79829.21809,55,"Some College","17","Pacific",76175.69234,"acer"
69134.45976,78,"Less than High School","15","West South Central",5e+05,"acer"
22359.75039,26,"Less than High School","10","West North Central",344765.7812,"sony"
88997.75456,43,"Less than High School","15","East North Central",161809.2711,"acer"
69253.69087,52,"Masters or Doctoral","7","Pacific",242964.444,"sony"
120746.6429,45,"Some College","18","Pacific",242251.4131,"acer"
121494.3408,36,"Some College","2","Mid-Atlantic",299728.8148,"sony"
120339.386,78,"Masters or Doctoral","12","Mountain",280701.5401,"sony"
53337.37244,59,"Less than High School","5","South Atlantic",314238.1452,"acer"
132631.9779,28,"Less than High School","5","Mid-Atlantic",23346.98428,"sony"
83429.47509,38,"Less than High School","20","West North Central",63983.50406,"acer"
105325.438,29,"Some College","10","New England",28185.93844,"sony"
83810.12323,74,"Masters or Doctoral","16","Mountain",225514.1699,"sony"
135518.4875,68,"Masters or Doctoral","11","East South Cental",52284.05001,"sony"
24575.80684,63,"High School Degree","16","East North Central",149313.0397,"sony"
98412.85054,35,"Less than High School","1","Mid-Atlantic",275033.0585,"acer"
64882.7377,28,"Masters or Doctoral","20","Pacific",38962.73658,"acer"
37370.35067,32,"Less than High School","19","South Atlantic",452953.8619,"sony"
70444.89035,34,"Some College","12","Pacific",174178.0246,"acer"
34175.09229,56,"Some College","18","Pacific",433422.1131,"sony"
96082.10382,46,"4-year college degree","10","Mid-Atlantic",33999.93748,"acer"
85361.95876,46,"Some College","8","West North Central",213447.8129,"acer"
133189.0003,39,"High School Degree","4","West South Central",5e+05,"sony"
67498.42446,47,"High School Degree","9","East South Cental",416032.1493,"sony"
63105.64937,33,"High School Degree","5","West South Central",134922.6214,"acer"
115212.0813,25,"High School Degree","17","East South Cental",482904.5208,"sony"
94281.61797,59,"Masters or Doctoral","1","East South Cental",479553.7442,"acer"
49094.49679,31,"4-year college degree","3","Mountain",157233.5059,"sony"
145749.8382,54,"Some College","14","East South Cental",340909.4876,"sony"
34923.45193,55,"4-year college degree","18","West South Central",132949.4459,"sony"
119266.5246,66,"Masters or Doctoral","20","New England",147859.9367,"sony"
125522.5205,71,"Less than High School","16","West North Central",18219.39126,"sony"
30891.22936,26,"4-year college degree","4","West South Central",314680.5676,"sony"
119652.5796,47,"High School Degree","8","South Atlantic",214408.3918,"acer"
31317.03987,68,"Masters or Doctoral","10","East South Cental",132756.6901,"acer"
76689.31593,27,"Some College","5","Mountain",316213.993,"acer"
46451.84014,20,"Some College","20","East North Central",220382.2001,"sony"
89849.33839,24,"High School Degree","2","West North Central",463130.7186,"acer"
102279.5965,45,"Less than High School","13","South Atlantic",333083.2887,"acer"
56092.14697,38,"Some College","9","Mid-Atlantic",349455.2964,"acer"
80179.9394,64,"Masters or Doctoral","14","East South Cental",28913.21935,"sony"
105921.1666,66,"Less than High School","6","East North Central",390419.9091,"sony"
68059.13669,62,"Masters or Doctoral","8","Pacific",257277.0095,"acer"
62522.36081,53,"Less than High School","10","Pacific",280423.4766,"sony"
58439.85633,64,"Less than High School","8","East South Cental",14639.79417,"acer"
34598.558,64,"High School Degree","9","Mid-Atlantic",121628.4723,"acer"
114242.2465,45,"High School Degree","20","Pacific",61040.84236,"acer"
63955.98489,47,"4-year college degree","8","Pacific",260115.7174,"sony"
34037.12807,76,"Less than High School","5","West South Central",14508.90994,"acer"
57420.74663,53,"Less than High School","11","West North Central",261043.3565,"sony"
138995.3183,75,"Some College","11","East North Central",410908.4331,"sony"
123515.7227,55,"Less than High School","7","West South Central",366494.9663,"acer"
35648.18045,51,"Masters or Doctoral","19","New England",425594.6381,"sony"
129576.8449,69,"Masters or Doctoral","5","Pacific",367451.6009,"sony"
94044.48123,59,"High School Degree","2","East South Cental",45306.51554,"acer"
51223.12863,23,"Some College","17","Pacific",250523.1825,"acer"
136866.853,24,"Less than High School","17","West North Central",448665.4669,"sony"
150000,27,"4-year college degree","15","New England",340855.2916,"sony"
137571.4157,52,"High School Degree","1","Mid-Atlantic",343995.2822,"sony"
112301.5395,30,"High School Degree","8","Mid-Atlantic",441592.7758,"sony"
36900.41076,30,"4-year college degree","6","South Atlantic",57949.54497,"sony"
32192.7581,28,"High School Degree","5","East South Cental",477514.9963,"sony"
110767.5209,64,"Masters or Doctoral","13","West South Central",341632.3889,"sony"
56126.77859,58,"Some College","4","West North Central",64587.16325,"sony"
70297.55854,23,"Some College","1","East North Central",155000.4716,"acer"
83195.84373,33,"High School Degree","12","East South Cental",149134.4959,"acer"
43192.64785,72,"Less than High School","2","East South Cental",21112.79482,"acer"
125597.4946,61,"Less than High School","6","South Atlantic",244654.1747,"sony"
91011.37589,47,"High School Degree","16","West North Central",449363.6224,"acer"
78395.79127,20,"Masters or Doctoral","13","South Atlantic",4722.675459,"acer"
100676.6206,49,"Masters or Doctoral","16","West South Central",340319.5196,"acer"
75127.44727,28,"High School Degree","13","Pacific",340053.9144,"acer"
99570.23926,40,"Less than High School","7","Mountain",193079.5378,"acer"
100650.5315,77,"Some College","2","Pacific",375689.2053,"sony"
125294.4141,62,"4-year college degree","11","East North Central",156.734061,"sony"
84706.84017,52,"Some College","3","Pacific",376340.6357,"acer"
64312.3295,40,"High School Degree","3","South Atlantic",34641.89936,"acer"
31779.33372,50,"Some College","19","New England",318837.4643,"sony"
41605.35288,41,"Less than High School","1","Mountain",65017.71936,"sony"
32971.9069,38,"Less than High School","5","Pacific",324687.3268,"sony"
42484.80921,53,"Some College","17","New England",267312.7802,"sony"
150000,31,"High School Degree","12","East South Cental",2581.909844,"sony"
33490.1443,21,"Less than High School","8","Pacific",36166.24585,"sony"
53081.87592,32,"Less than High School","15","East North Central",361434.9372,"acer"
55439.83808,55,"4-year college degree","2","New England",111955.2794,"sony"
20000,56,"4-year college degree","16","Mountain",214606.2537,"sony"
88203.60211,80,"4-year college degree","14","West North Central",208958.2888,"sony"
72428.97233,23,"4-year college degree","19","East South Cental",252869.2322,"acer"
65212.3014,36,"Some College","15","East South Cental",482349.6053,"acer"
105596.1133,28,"Some College","11","South Atlantic",495594.3335,"sony"
107327.4268,28,"Less than High School","7","Mountain",493048.7342,"sony"
84384.27737,45,"Masters or Doctoral","11","East North Central",276125.9309,"acer"
137324.5283,64,"Masters or Doctoral","4","Mountain",440172.1295,"sony"
138600.3449,76,"Masters or Doctoral","14","Pacific",441142.8049,"sony"
117832.018,52,"Some College","2","East South Cental",389283.6324,"acer"
147872.8691,58,"Less than High School","11","Mountain",337650.2714,"sony"
101330.3693,64,"Some College","9","Mid-Atlantic",145217.3728,"sony"
46982.70633,31,"Some College","3","New England",100420.5597,"sony"
96547.38941,25,"4-year college degree","2","South Atlantic",158710.2635,"acer"
24751.3446,61,"Some College","19","East South Cental",90867.96297,"sony"
63999.14294,39,"Masters or Doctoral","10","Pacific",104941.8853,"acer"
122245.5982,75,"Masters or Doctoral","3","East South Cental",127070.2065,"sony"
39083.5994,49,"Some College","16","South Atlantic",24789.41447,"sony"
62463.12076,21,"Some College","16","New England",123036.2018,"acer"
62685.51108,41,"Some College","3","Pacific",432296.5415,"sony"
30414.74361,69,"Some College","17","West North Central",39722.40067,"acer"
55953.98269,46,"4-year college degree","3","West North Central",389767.3951,"sony"
56922.6153,58,"Some College","13","Pacific",283613.4785,"sony"
97025.95627,47,"Less than High School","12","Mid-Atlantic",153412.1468,"acer"
89196.10458,52,"Masters or Doctoral","13","East North Central",349558.9384,"acer"
51395.47078,52,"High School Degree","4","Mid-Atlantic",218696.266,"sony"
109177.2802,30,"4-year college degree","3","South Atlantic",274170.7145,"sony"
31403.53084,58,"Masters or Doctoral","19","Mountain",345400.3804,"sony"
129244.9708,30,"4-year college degree","5","Pacific",379066.461,"sony"
70249.96731,20,"4-year college degree","8","West North Central",279683.2024,"acer"
31290.63303,38,"Masters or Doctoral","9","East South Cental",248620.3664,"sony"
104050.2291,64,"Less than High School","9","Pacific",151134.0905,"sony"
139269.5255,40,"High School Degree","9","West North Central",204607.2702,"sony"
87782.65096,46,"4-year college degree","8","Mid-Atlantic",455907.0233,"acer"
125826.7191,36,"Less than High School","6","East North Central",217780.0159,"sony"
119452.6608,63,"High School Degree","1","West South Central",149985.7577,"sony"
86963.33421,20,"Some College","1","New England",198938.6833,"acer"
146220.0288,52,"High School Degree","15","Pacific",233051.7995,"sony"
105495.8558,27,"Some College","11","East North Central",320511.4909,"sony"
91103.92965,39,"High School Degree","8","East South Cental",406347.2797,"acer"
103605.2915,58,"Less than High School","13","West North Central",429125.0768,"acer"
143238.0165,62,"High School Degree","14","Mid-Atlantic",398801.4111,"sony"
136772.8682,23,"Masters or Doctoral","13","West South Central",447571.1903,"sony"
39355.61491,47,"Some College","9","South Atlantic",29264.89853,"sony"
119199.8234,39,"4-year college degree","6","Pacific",481114.1983,"acer"
114948.7291,43,"4-year college degree","16","West South Central",39215.77018,"acer"
81693.78429,27,"4-year college degree","15","New England",470445.8153,"acer"
56858.48742,43,"Less than High School","9","West South Central",267703.4713,"sony"
136826.3807,63,"Masters or Doctoral","12","Pacific",361478.9589,"sony"
73898.81516,38,"High School Degree","8","Mid-Atlantic",375302.8448,"acer"
115529.6203,67,"4-year college degree","14","Mid-Atlantic",11840.31045,"sony"
94951.15345,75,"Masters or Doctoral","8","East South Cental",345494.3318,"sony"
27411.17743,72,"Masters or Doctoral","18","Pacific",228599.9894,"acer"
53915.88373,53,"Masters or Doctoral","20","East South Cental",35722.57073,"sony"
99080.49988,80,"Some College","2","West North Central",75020.14244,"sony"
41532.22464,58,"Some College","3","Pacific",498157.451,"sony"
61821.60374,56,"Some College","16","East South Cental",483747.2586,"sony"
32058.44858,58,"High School Degree","17","West South Central",228932.9348,"sony"
62452.48441,62,"Some College","11","West South Central",18932.09771,"acer"
38194.45818,80,"Masters or Doctoral","16","Mid-Atlantic",62601.36008,"acer"
108502.3344,35,"Some College","6","East South Cental",382446.8638,"sony"
44630.05631,66,"Less than High School","6","South Atlantic",458140.0912,"acer"
64296.20837,74,"4-year college degree","17","East North Central",47822.70202,"acer"
128010.517,30,"Some College","13","South Atlantic",424946.042,"sony"
49222.5023,53,"Less than High School","6","East North Central",253611.9263,"sony"
83054.65456,61,"Some College","11","New England",416498.9725,"sony"
147310.655,72,"Masters or Doctoral","12","East South Cental",124655.8749,"sony"
88412.32761,76,"Some College","2","West North Central",118588.6549,"sony"
28968.41759,44,"4-year college degree","17","New England",421784.7229,"sony"
72909.59482,78,"4-year college degree","4","West North Central",226916.3274,"sony"
44989.48213,70,"Less than High School","10","East North Central",150083.592,"acer"
86302.09823,24,"Some College","15","West North Central",144070.1607,"acer"
91575.54507,73,"Some College","15","East South Cental",306918.4897,"sony"
77961.65297,41,"Less than High School","1","New England",122593.3648,"acer"
54277.45086,22,"Masters or Doctoral","20","Mountain",353359.3966,"acer"
150000,70,"4-year college degree","14","Mountain",462052.1285,"sony"
66591.8771,75,"4-year college degree","10","West South Central",199238.3808,"acer"
107379.6141,62,"Masters or Doctoral","17","West South Central",431838.5493,"sony"
133651.858,26,"Masters or Doctoral","8","West North Central",315658.0497,"sony"
20000,54,"Some College","11","West North Central",242562.3133,"sony"
38938.57281,58,"Masters or Doctoral","16","Mid-Atlantic",366703.4575,"acer"
91778.18228,34,"High School Degree","18","South Atlantic",487060.2353,"acer"
33697.16489,77,"Less than High School","7","East North Central",65090.42355,"acer"
114203.8753,28,"Some College","10","New England",200236.8142,"sony"
96367.58603,45,"Less than High School","5","Mid-Atlantic",482521.2977,"acer"
115398.6032,24,"4-year college degree","4","East South Cental",366799.9389,"sony"
146389.3951,77,"4-year college degree","6","Pacific",5211.457817,"sony"
90451.98272,28,"4-year college degree","11","West North Central",263048.5631,"acer"
63064.45098,74,"Less than High School","8","Mid-Atlantic",200094.0801,"acer"
141153.6183,44,"High School Degree","12","East South Cental",150809.7834,"sony"
52377.15065,64,"Less than High School","7","Mountain",199991.0725,"acer"
50781.30541,58,"Masters or Doctoral","18","Pacific",158268.3203,"sony"
117891.0514,36,"Some College","16","Mountain",192516.7562,"sony"
69870.29942,47,"Less than High School","18","East North Central",364708.6952,"sony"
105909.7612,35,"4-year college degree","2","East North Central",496219.5584,"sony"
57898.36705,62,"Some College","6","West North Central",386350.577,"acer"
83583.80996,72,"4-year college degree","4","Mountain",174329.6453,"sony"
71419.07184,37,"4-year college degree","8","South Atlantic",311744.0036,"acer"
92095.51934,80,"High School Degree","11","West North Central",243373.1809,"sony"
119768.0532,56,"Masters or Doctoral","12","East South Cental",494558.0792,"acer"
57292.3384,78,"High School Degree","10","Mid-Atlantic",265411.0705,"acer"
130775.0992,58,"Some College","8","Pacific",42819.04121,"sony"
148064.7682,57,"Some College","16","East North Central",344845.7977,"sony"
82890.61514,57,"High School Degree","4","South Atlantic",53300.77557,"acer"
37903.60914,28,"4-year college degree","16","Mid-Atlantic",43115.76103,"sony"
24131.25306,43,"Less than High School","11","West North Central",112769.6597,"sony"
88708.5331,72,"4-year college degree","15","East South Cental",308341.502,"sony"
43026.19,44,"High School Degree","1","West South Central",151347.9497,"sony"
85991.81052,33,"Less than High School","12","New England",343933.5615,"acer"
95867.09662,64,"High School Degree","18","Mountain",248092.3302,"sony"
131532.1468,49,"4-year college degree","11","Mountain",490691.911,"sony"
137819.2873,53,"High School Degree","6","West North Central",322646.4279,"sony"
132358.9509,71,"Masters or Doctoral","8","Pacific",289742.8198,"sony"
29295.50726,28,"Some College","12","Mid-Atlantic",365326.2874,"sony"
65533.19455,61,"Masters or Doctoral","2","Pacific",237990.4708,"acer"
26380.21023,64,"High School Degree","8","New England",349372.05,"sony"
109113.6007,46,"Masters or Doctoral","14","East North Central",464237.0691,"acer"
98677.86391,60,"High School Degree","12","East South Cental",76217.76661,"sony"
70384.72837,75,"Some College","17","East North Central",89774.82615,"acer"
34706.43487,70,"Some College","18","West South Central",175319.3761,"acer"
135951.7033,40,"Masters or Doctoral","7","Mid-Atlantic",417201.3896,"sony"
135003.593,54,"High School Degree","10","South Atlantic",385395.1567,"sony"
54805.86288,66,"High School Degree","8","West South Central",5e+05,"acer"
125244.2485,45,"Less than High School","16","Mid-Atlantic",40922.88981,"acer"
69035.93349,64,"4-year college degree","3","New England",133500.8968,"acer"
40096.20194,78,"Masters or Doctoral","2","Pacific",435009.4389,"acer"
36530.00383,34,"4-year college degree","4","East South Cental",223178.0719,"sony"
36933.09115,63,"High School Degree","18","New England",343344.5457,"acer"
126023.5013,35,"Less than High School","5","West South Central",153296.7901,"sony"
55245.84469,63,"High School Degree","16","New England",388203.1803,"acer"
69398.44177,23,"Less than High School","16","South Atlantic",302666.0713,"acer"
96473.78382,60,"4-year college degree","19","West North Central",403819.1747,"acer"
121890.0759,75,"Less than High School","4","West North Central",169853.401,"sony"
27559.6276,76,"Some College","19","Mountain",124363.939,"acer"
111641.1102,20,"High School Degree","20","Pacific",366473.1783,"sony"
49413.66083,25,"4-year college degree","9","South Atlantic",445151.1116,"sony"
36894.74385,56,"Masters or Doctoral","15","Pacific",499426.5972,"sony"
123924.4291,61,"Masters or Doctoral","6","East North Central",186752.0831,"sony"
90859.161,75,"Some College","10","Pacific",134575.8475,"sony"
78156.10086,45,"Some College","13","South Atlantic",206465.8331,"acer"
146449.674,43,"Some College","10","West South Central",5e+05,"sony"
89848.83608,42,"High School Degree","9","West North Central",275232.6941,"acer"
26958.06377,40,"Masters or Doctoral","1","New England",261102.8724,"sony"
93628.17078,71,"Some College","2","East South Cental",208131.9042,"sony"
61627.40914,38,"Some College","14","New England",368906.6139,"acer"
136721.6003,38,"Masters or Doctoral","20","New England",413729.0198,"sony"
74411.5906,77,"High School Degree","11","South Atlantic",387141.3956,"sony"
62991.29653,27,"High School Degree","16","West North Central",232043.6617,"acer"
119485.1811,52,"High School Degree","7","West South Central",0,"acer"
85777.80703,67,"High School Degree","18","Mid-Atlantic",404210.7296,"sony"
65008.71272,44,"Some College","20","Pacific",206058.8339,"sony"
26628.20364,61,"Some College","20","East North Central",183410.5518,"sony"
114907.7281,36,"4-year college degree","14","New England",103344.2584,"sony"
27701.22742,28,"Masters or Doctoral","15","Mountain",0,"sony"
88597.60771,47,"Some College","3","Mid-Atlantic",433011.0497,"acer"
76116.32557,41,"Some College","1","South Atlantic",5e+05,"acer"
80769.75927,54,"4-year college degree","6","South Atlantic",109732.0836,"acer"
69992.29819,61,"Masters or Doctoral","19","Mid-Atlantic",414434.2314,"acer"
20000,78,"4-year college degree","2","West North Central",400495.3931,"sony"
66057.50917,69,"Less than High School","11","East South Cental",7944.70306,"acer"
43881.21585,73,"High School Degree","1","South Atlantic",192377.3425,"acer"
122367.3423,33,"Masters or Doctoral","1","South Atlantic",218747.7023,"sony"
40071.02041,35,"Some College","17","West South Central",473235.7316,"sony"
36651.10914,59,"Masters or Doctoral","8","East South Cental",218464.2574,"sony"
122002.1756,39,"Masters or Doctoral","16","Pacific",66561.4666,"sony"
132146.9962,63,"4-year college degree","16","Mountain",122347.0826,"sony"
95740.53015,20,"Some College","14","East South Cental",64439.40115,"acer"
21829.54928,56,"Less than High School","8","West North Central",244583.5311,"sony"
41056.19859,54,"Some College","15","West North Central",0,"sony"
34880.86714,42,"Masters or Doctoral","5","Mountain",214892.1282,"sony"
106338.4612,48,"4-year college degree","11","West South Central",81119.68116,"acer"
49605.53048,72,"Masters or Doctoral","12","New England",405911.4261,"acer"
54937.43876,68,"High School Degree","19","West North Central",398970.0364,"acer"
66664.31659,20,"Masters or Doctoral","18","East North Central",332745.8813,"acer"
113950.8386,52,"4-year college degree","4","South Atlantic",332148.2939,"acer"
25848.95744,71,"High School Degree","16","New England",105906.2559,"acer"
133479.1027,32,"High School Degree","6","East North Central",220652.0578,"sony"
79853.05825,40,"Some College","10","East South Cental",57250.49647,"acer"
87200.55279,58,"High School Degree","11","West South Central",215396.5828,"acer"
83058.33352,46,"Less than High School","1","West South Central",92949.50765,"acer"
108716.5805,58,"High School Degree","2","East South Cental",191950.5703,"acer"
71841.57837,37,"4-year college degree","2","Mountain",133122.0019,"acer"
110115.6956,51,"Some College","20","Mid-Atlantic",362672.7733,"acer"
94693.0813,38,"4-year college degree","20","South Atlantic",307358.702,"acer"
38771.29704,64,"4-year college degree","20","New England",0,"acer"
49606.20132,26,"Less than High School","18","South Atlantic",287410.9518,"sony"
23823.51073,20,"4-year college degree","5","Mountain",204713.4811,"sony"
30698.67817,64,"Masters or Doctoral","12","Mountain",400118.7549,"acer"
150000,56,"High School Degree","4","Mountain",7041.897653,"sony"
47981.91808,69,"Masters or Doctoral","9","East South Cental",275030.7745,"acer"
33692.80346,50,"Masters or Doctoral","4","South Atlantic",315854.5306,"sony"
126136.2025,76,"Some College","14","Mountain",76420.31325,"sony"
32194.14657,26,"Some College","17","East South Cental",144368.4733,"sony"
119778.7761,33,"Masters or Doctoral","18","Pacific",204952.7367,"sony"
114395.6954,76,"Less than High School","13","West North Central",114377.3634,"sony"
77840.98986,48,"High School Degree","13","West North Central",251058.3054,"acer"
75449.07154,26,"Some College","17","Mountain",5e+05,"acer"
55340.96457,49,"Masters or Doctoral","20","West South Central",315942.4073,"sony"
62332.17753,43,"Some College","13","South Atlantic",395158.3292,"sony"
119443.3768,61,"4-year college degree","11","Pacific",191352.6025,"sony"
105220.5746,30,"Masters or Doctoral","5","West South Central",463902.1888,"sony"
99334.44707,21,"High School Degree","7","East South Cental",57056.75741,"sony"
28877.91253,44,"Masters or Doctoral","1","New England",342663.67,"sony"
115791.1101,48,"Some College","9","East South Cental",231110.8581,"acer"
55188.2825,30,"Some College","4","East North Central",78565.51742,"acer"
147761.9933,54,"Masters or Doctoral","14","East South Cental",286141.647,"sony"
76171.03863,21,"Less than High School","11","New England",119529.3901,"acer"
144440.8003,74,"High School Degree","16","East North Central",260578.463,"sony"
80002.69372,29,"High School Degree","6","East North Central",479706.9919,"acer"
55497.79357,50,"Less than High School","18","East South Cental",396864.9095,"sony"
136481.5426,72,"Some College","18","East South Cental",311403.4473,"sony"
60478.85338,54,"Masters or Doctoral","19","East South Cental",29654.76546,"sony"
46802.37113,78,"Masters or Doctoral","9","West North Central",170340.0571,"acer"
130181.5637,44,"4-year college degree","19","East North Central",285493.8475,"sony"
86223.79542,47,"Masters or Doctoral","11","Mid-Atlantic",36353.12056,"acer"
97561.88049,43,"Some College","3","New England",55071.49451,"acer"
41052.24531,21,"Some College","20","West North Central",97072.95795,"sony"
43046.15777,59,"4-year college degree","1","South Atlantic",419039.7476,"sony"
83462.13971,31,"4-year college degree","3","South Atlantic",375417.3948,"acer"
133916.6743,52,"Masters or Doctoral","3","Mid-Atlantic",91323.13839,"sony"
128434.853,40,"Masters or Doctoral","12","West North Central",326817.0268,"sony"
138517.1515,49,"Some College","6","Pacific",166133.2196,"sony"
47572.27326,27,"Masters or Doctoral","7","West South Central",473721.7874,"sony"
75375.50218,68,"High School Degree","10","West North Central",168905.6563,"sony"
95008.88758,35,"4-year college degree","4","New England",292368.3797,"acer"
114876.8913,24,"4-year college degree","6","Mountain",359223.5681,"sony"
115366.6142,30,"Some College","9","South Atlantic",132071.2379,"sony"
119586.3907,76,"4-year college degree","4","Mountain",334108.5767,"sony"
117792.0935,48,"Some College","19","South Atlantic",354221.488,"acer"
60565.70154,79,"Masters or Doctoral","20","South Atlantic",64476.01906,"acer"
25620.02853,67,"Some College","2","East South Cental",280762.3114,"acer"
105636.2833,42,"Masters or Doctoral","1","Pacific",353796.4162,"acer"
99067.40624,59,"Masters or Doctoral","9","West North Central",390983.5455,"acer"
146893.3984,40,"4-year college degree","6","West South Central",198991.7776,"sony"
62849.25821,58,"Less than High School","19","Mid-Atlantic",235991.8201,"sony"
64790.66652,78,"Less than High School","1","Pacific",244431.4741,"acer"
63620.82283,79,"Less than High School","17","South Atlantic",497717.0033,"acer"
52261.82673,60,"Masters or Doctoral","20","Pacific",489052.4818,"sony"
150000,38,"Some College","11","Mid-Atlantic",293366.3562,"sony"
20000,61,"High School Degree","18","East South Cental",113047.7359,"sony"
20000,80,"High School Degree","15","West South Central",291489.6488,"sony"
135221.9765,71,"High School Degree","19","West North Central",165910.2485,"sony"
47707.00998,31,"Masters or Doctoral","7","Mountain",105639.671,"sony"
57099.5236,65,"Some College","12","Mid-Atlantic",470837.496,"acer"
93308.50603,23,"4-year college degree","9","Pacific",468169.2832,"acer"
105700.5294,51,"Some College","10","West South Central",455951.6081,"acer"
28611.93478,47,"High School Degree","5","South Atlantic",211766.4881,"sony"
41561.21361,67,"Some College","10","East South Cental",427056.9395,"acer"
125239.335,37,"Less than High School","15","East South Cental",279142.8309,"sony"
43480.59119,40,"High School Degree","13","Pacific",285684.7193,"sony"
134583.0218,76,"Some College","12","Pacific",261851.4183,"sony"
21031.10309,40,"Less than High School","12","East South Cental",441114.9301,"sony"
96775.55265,58,"4-year college degree","20","East North Central",65287.37171,"acer"
31532.13201,44,"Masters or Doctoral","3","Pacific",333935.41,"sony"
127363.6878,78,"4-year college degree","18","New England",337786.5077,"sony"
136539.2349,65,"4-year college degree","11","Mid-Atlantic",57890.61803,"sony"
123133.2188,67,"Less than High School","13","West North Central",32069.52031,"sony"
91522.18388,63,"High School Degree","8","Mountain",361306.1257,"sony"
106159.9063,76,"4-year college degree","11","West South Central",482250.8643,"sony"
81138.81309,74,"4-year college degree","17","West South Central",118790.5943,"sony"
124206.2134,26,"Less than High School","4","West North Central",30258.77685,"sony"
73295.87383,76,"Less than High School","1","West North Central",374468.5068,"acer"
141921.9982,43,"Some College","6","Mid-Atlantic",417914.9374,"sony"
122745.407,48,"High School Degree","18","East South Cental",430739.812,"acer"
139779.3998,39,"4-year college degree","20","New England",128764.3267,"sony"
52597.79739,61,"Masters or Doctoral","1","Mountain",73311.64872,"acer"
122861.6682,41,"Some College","1","West North Central",5e+05,"acer"
75248.21833,62,"4-year college degree","10","South Atlantic",458691.9371,"acer"
79838.98182,41,"High School Degree","7","Pacific",232852.4759,"acer"
60258.33604,41,"Masters or Doctoral","5","West South Central",90198.41247,"sony"
25170.633,55,"4-year college degree","5","Mountain",223538.6395,"sony"
111834.6364,62,"Masters or Doctoral","14","West North Central",433021.9746,"sony"
84175.43474,25,"Masters or Doctoral","3","New England",434845.6408,"acer"
90839.50512,62,"Some College","11","Pacific",277665.5032,"sony"
28821.73769,71,"Some College","20","New England",259096.0817,"acer"
141150.6912,43,"Masters or Doctoral","16","Mountain",5421.215308,"sony"
41924.72554,31,"Less than High School","19","East North Central",370398.662,"sony"
54954.5457,43,"Masters or Doctoral","13","Pacific",463600.426,"sony"
127721.5764,35,"Less than High School","18","East North Central",231980.0762,"sony"
148351.7224,54,"Less than High School","2","Pacific",278145.4716,"sony"
118926.1458,37,"High School Degree","17","South Atlantic",194140.0301,"sony"
71457.54688,20,"Masters or Doctoral","4","Pacific",78062.32929,"acer"
37978.05796,57,"4-year college degree","6","West North Central",265444.904,"sony"
145074.8455,54,"Less than High School","8","East South Cental",22550.45487,"sony"
120436.6179,70,"Some College","12","Mountain",391825.5581,"sony"
34515.306,64,"Some College","19","New England",338554.8857,"acer"
89877.71572,58,"Some College","2","Pacific",203732.8811,"acer"
57671.69876,24,"High School Degree","17","Pacific",409300.5053,"acer"
53102.62177,30,"4-year college degree","8","West South Central",21082.27587,"acer"
51289.94073,24,"High School Degree","10","Mid-Atlantic",196105.8505,"acer"
95177.90175,24,"4-year college degree","5","South Atlantic",156622.614,"acer"
108907.4545,28,"Some College","9","East South Cental",411639.3457,"sony"
120684.2501,78,"Some College","12","New England",413637.3276,"sony"
44659.04081,48,"Some College","3","West North Central",449970.0621,"sony"
47242.00314,46,"4-year college degree","15","New England",266022.7259,"sony"
60853.4991,39,"Some College","20","Mountain",140575.7192,"acer"
66304.40152,56,"Less than High School","13","Pacific",107969.1293,"sony"
83531.30928,64,"Masters or Doctoral","20","West South Central",48357.30452,"sony"
91209.19031,25,"Masters or Doctoral","19","New England",72475.20591,"acer"
105786.6781,64,"4-year college degree","6","South Atlantic",412190.0808,"sony"
42444.03275,23,"High School Degree","15","West South Central",296163.3541,"sony"
132056.7286,52,"4-year college degree","9","Mountain",382715.3454,"sony"
143118.3772,34,"Some College","11","Mid-Atlantic",292154.6832,"sony"
102867.9189,43,"4-year college degree","5","East South Cental",68740.21325,"acer"
117977.373,41,"4-year college degree","16","Mountain",299810.032,"sony"
54478.50112,73,"High School Degree","16","West North Central",233019.3074,"acer"
113315.5051,69,"Masters or Doctoral","5","East North Central",357401.4863,"sony"
119453.9848,20,"4-year college degree","10","South Atlantic",115857.8371,"sony"
123501.6403,36,"Masters or Doctoral","20","Mid-Atlantic",170784.3954,"sony"
107557.3844,58,"Masters or Doctoral","9","West North Central",5e+05,"acer"
57928.50241,74,"Masters or Doctoral","5","West South Central",224933.7127,"acer"
91597.65064,28,"Masters or Doctoral","18","West South Central",275847.5564,"acer"
136587.5546,63,"4-year college degree","20","Pacific",259119.927,"sony"
31712.26429,53,"Masters or Doctoral","3","South Atlantic",236530.5785,"sony"
45445.39306,34,"4-year college degree","10","East North Central",225843.4012,"sony"
26756.63749,75,"4-year college degree","5","Mountain",450542.8488,"acer"
43549.78049,64,"High School Degree","6","Mid-Atlantic",5e+05,"acer"
76022.56765,57,"High School Degree","15","Mountain",37428.97781,"acer"
78817.89227,25,"Some College","9","West North Central",342830.394,"acer"
84169.17233,77,"Less than High School","9","South Atlantic",380641.0308,"sony"
98713.96207,28,"4-year college degree","9","Mid-Atlantic",35754.96674,"acer"
106531.8429,64,"4-year college degree","20","Mid-Atlantic",25632.23329,"sony"
104871.8278,50,"Less than High School","19","Mountain",119679.4411,"acer"
83651.86046,36,"4-year college degree","11","New England",339267.8485,"acer"
42839.39054,78,"High School Degree","2","South Atlantic",223702.3308,"acer"
135412.3423,53,"Some College","18","West South Central",115482.4057,"sony"
121003.119,30,"High School Degree","13","Mid-Atlantic",408023.1277,"sony"
88223.86549,74,"Masters or Doctoral","7","Pacific",133311.3139,"sony"
117019.3599,31,"High School Degree","3","East North Central",458659.3666,"sony"
72599.25948,68,"Some College","18","East North Central",295875.2094,"acer"
141024.6123,25,"Some College","3","Mountain",0,"sony"
135513.1395,32,"4-year college degree","4","Pacific",404433.9969,"sony"
139337.4694,39,"Less than High School","3","East North Central",447859.6707,"sony"
91924.754,60,"Some College","19","West South Central",200716.2533,"sony"
46293.11515,28,"Masters or Doctoral","11","New England",128046.8527,"sony"
61240.85549,61,"Some College","14","New England",120769.9694,"acer"
45400.79467,52,"4-year college degree","14","Pacific",161713.2192,"sony"
115420.9624,78,"Some College","1","New England",342606.4553,"sony"
30221.50735,33,"Some College","17","New England",87692.65548,"sony"
126147.56,41,"Some College","8","East South Cental",30068.14473,"sony"
56249.2448,23,"Masters or Doctoral","13","East South Cental",124549.3348,"acer"
116709.4816,42,"High School Degree","12","West South Central",255448.446,"acer"
107897.6509,52,"Some College","14","Pacific",340269.4098,"acer"
20781.69249,51,"Less than High School","2","East North Central",415150.1542,"sony"
113560.4714,20,"Some College","11","Mid-Atlantic",218432.6846,"sony"
135284.6572,71,"4-year college degree","6","Mid-Atlantic",22335.71583,"sony"
92788.4078,62,"Masters or Doctoral","11","New England",284017.622,"sony"
21502.79757,25,"Masters or Doctoral","16","Pacific",219481.2251,"sony"
56597.21856,59,"Less than High School","6","West South Central",365081.1156,"acer"
80350.49824,67,"Some College","4","South Atlantic",486075.6218,"sony"
134364.3135,59,"Masters or Doctoral","10","South Atlantic",160499.8911,"sony"
96571.30656,47,"High School Degree","17","West North Central",254380.3858,"acer"
113079.4209,59,"4-year college degree","9","Pacific",156972.1082,"acer"
124215.9872,61,"High School Degree","19","Mountain",141852.9178,"sony"
111107.84,72,"Less than High School","2","New England",210136.5808,"sony"
56332.13147,23,"Masters or Doctoral","2","West North Central",107564.8456,"acer"
92077.2017,57,"Masters or Doctoral","6","East North Central",315554.1752,"acer"
21223.42364,51,"Less than High School","4","South Atlantic",277940.1769,"sony"
76064.45934,61,"Some College","9","West North Central",52870.97776,"acer"
69778.21641,56,"4-year college degree","3","Pacific",353358.122,"sony"
51060.64961,20,"4-year college degree","19","West North Central",456667.1051,"acer"
125977.4345,55,"Masters or Doctoral","16","West North Central",33338.43202,"sony"
36023.40776,55,"Some College","14","Mountain",308492.9827,"sony"
129261.9137,41,"Some College","11","East South Cental",447309.588,"sony"
122307.9217,38,"Some College","13","South Atlantic",37043.03508,"sony"
36955.54374,57,"Less than High School","19","New England",436123.3443,"sony"
124681.6865,35,"Less than High School","12","East South Cental",331418.8776,"sony"
117274.3289,25,"Masters or Doctoral","16","Mid-Atlantic",5e+05,"sony"
144017.9017,80,"4-year college degree","4","East South Cental",336471.4239,"sony"
72923.81516,27,"Less than High School","14","Pacific",230551.5863,"acer"
20747.21259,80,"Masters or Doctoral","7","Mountain",231737.0848,"sony"
111987.0273,34,"Less than High School","5","Pacific",317432.5707,"sony"
102469.3616,74,"Less than High School","20","East South Cental",453188.9122,"sony"
91378.11283,71,"Some College","15","East North Central",69632.24433,"sony"
119468.0802,59,"Masters or Doctoral","1","Mid-Atlantic",324682.8456,"sony"
54305.33291,36,"Less than High School","11","New England",381698.2183,"acer"
150000,77,"Masters or Doctoral","3","East South Cental",327728.1662,"sony"
31536.58162,74,"High School Degree","19","Mid-Atlantic",141112.1012,"acer"
79370.17376,61,"High School Degree","20","South Atlantic",396710.8587,"sony"
87790.39764,59,"High School Degree","7","Mid-Atlantic",313885.5296,"acer"
125806.4922,23,"Masters or Doctoral","17","New England",272133.9922,"sony"
49678.02096,27,"Less than High School","6","East South Cental",386459.2693,"acer"
27860.66582,34,"Masters or Doctoral","6","Mid-Atlantic",116826.4581,"sony"
35056.41276,31,"Less than High School","11","West North Central",153614.7585,"sony"
73307.71501,26,"Masters or Doctoral","12","Mountain",206697.8152,"acer"
95806.91799,74,"Some College","6","East South Cental",246294.3421,"sony"
102591.8578,79,"Some College","18","West South Central",64141.52097,"sony"
122824.7961,73,"High School Degree","2","East South Cental",269823.4633,"sony"
82683.60621,38,"Less than High School","11","East South Cental",48318.36587,"acer"
106085.2296,34,"4-year college degree","2","West North Central",472004.4053,"sony"
116993.4491,80,"High School Degree","19","West South Central",101515.7077,"sony"
108176.7596,62,"High School Degree","1","Mid-Atlantic",206262.3307,"sony"
142858.3509,54,"Masters or Doctoral","10","New England",477822.942,"sony"
61940.76761,56,"Masters or Doctoral","7","West North Central",62242.68681,"sony"
118854.1862,75,"Masters or Doctoral","7","South Atlantic",369748.6527,"sony"
44432.75089,23,"Less than High School","15","Pacific",71178.5757,"sony"
118378.4454,68,"Less than High School","2","South Atlantic",192119.463,"sony"
138093.8488,53,"Some College","11","South Atlantic",373903.1153,"sony"
123713.4055,47,"High School Degree","20","East South Cental",213505.082,"acer"
71136.31511,30,"Less than High School","12","Mid-Atlantic",93218.94339,"acer"
110237.7312,45,"Masters or Doctoral","9","West North Central",126716.0626,"acer"
78289.57392,48,"Some College","15","West South Central",81973.28232,"acer"
132848.4313,54,"Less than High School","18","West South Central",435825.3548,"sony"
53766.79828,51,"High School Degree","16","Mid-Atlantic",106343.2625,"sony"
147457.3079,57,"Less than High School","19","South Atlantic",163740.5582,"sony"
64741.7251,52,"Less than High School","13","East North Central",352936.2527,"sony"
129458.5854,44,"4-year college degree","5","East North Central",155706.468,"sony"
134292.8511,47,"Masters or Doctoral","20","Pacific",352354.0784,"sony"
89436.25063,75,"Masters or Doctoral","16","Mountain",42951.83205,"sony"
96788.05906,35,"Less than High School","16","East North Central",97249.54333,"acer"
107137.6198,26,"Less than High School","18","East South Cental",307482.6022,"sony"
147304.6923,52,"Some College","7","West North Central",436596.5058,"sony"
28300.89255,65,"Some College","15","Mid-Atlantic",309904.8648,"acer"
73398.65014,51,"Less than High School","12","South Atlantic",47045.39412,"sony"
121832.2579,52,"High School Degree","11","South Atlantic",361091.5955,"acer"
127639.3219,32,"Less than High School","19","Mid-Atlantic",442572.6037,"sony"
145212.1744,70,"Less than High School","17","Mountain",82221.94007,"sony"
128155.1255,37,"4-year college degree","13","Mid-Atlantic",160587.6004,"sony"
20292.94471,28,"4-year college degree","2","New England",356472.9671,"sony"
76665.48167,77,"Less than High School","11","West South Central",125713.0569,"sony"
150000,70,"High School Degree","20","East South Cental",84706.6047,"sony"
149415.2146,32,"High School Degree","10","Pacific",43952.58121,"sony"
82665.19081,65,"Some College","7","South Atlantic",141366.9737,"sony"
77263.72168,26,"High School Degree","6","Mid-Atlantic",103601.1034,"acer"
85437.47631,50,"Some College","14","West North Central",80646.86783,"acer"
94237.38086,78,"Less than High School","3","West South Central",196619.6147,"sony"
90019.64577,39,"4-year college degree","4","West North Central",392389.4947,"acer"
97345.2109,44,"Masters or Doctoral","20","Mid-Atlantic",0,"acer"
31928.52311,44,"Less than High School","12","South Atlantic",390194.7714,"sony"
62917.93558,77,"Masters or Doctoral","3","West North Central",103107.4651,"acer"
132496.3929,47,"High School Degree","9","New England",396977.4612,"sony"
85966.71618,54,"High School Degree","11","New England",424378.0946,"acer"
115431.7131,70,"Masters or Doctoral","8","West South Central",204807.5566,"sony"
137187.7472,78,"Less than High School","11","Mid-Atlantic",181136.3403,"sony"
88764.52155,50,"Masters or Doctoral","9","West North Central",406513.1782,"acer"
131257.1393,46,"High School Degree","10","Pacific",16255.73422,"sony"
38220.79714,73,"Masters or Doctoral","1","East South Cental",170782.059,"acer"
77808.56654,38,"Some College","8","New England",454049.441,"acer"
77627.35311,43,"Masters or Doctoral","20","East South Cental",293220.4436,"acer"
115024.5777,38,"Some College","13","New England",303761.6282,"sony"
117205.2525,39,"High School Degree","1","South Atlantic",379253.9039,"sony"
66938.25465,71,"Less than High School","10","West North Central",325178.7367,"acer"
22452.79954,73,"Masters or Doctoral","7","New England",224076.7443,"sony"
65152.06404,41,"Masters or Doctoral","8","New England",261645.4988,"sony"
59513.91533,29,"Some College","15","West North Central",415605.7151,"acer"
135035.2639,79,"High School Degree","4","West North Central",359112.3413,"sony"
127961.004,47,"Less than High School","11","Mid-Atlantic",196948.2489,"sony"
135940.9632,33,"High School Degree","7","South Atlantic",344855.8952,"sony"
48421.50138,41,"4-year college degree","17","South Atlantic",53195.8449,"sony"
117936.2889,23,"Some College","8","East South Cental",288155.6188,"sony"
142432.9379,61,"Some College","15","East South Cental",373818.5016,"sony"
91677.69519,64,"Some College","3","South Atlantic",257866.6413,"sony"
113552.9154,42,"Less than High School","15","East South Cental",197626.0593,"acer"
73526.888,40,"High School Degree","1","Mountain",392428.4057,"acer"
95163.40666,63,"Less than High School","10","Mountain",287399.6876,"sony"
137872.2604,42,"Masters or Doctoral","12","East South Cental",235802.2133,"sony"
57284.45251,64,"Less than High School","6","West South Central",101821.7981,"acer"
130455.8221,70,"Masters or Doctoral","16","West South Central",486972.1238,"sony"
109104.8113,21,"4-year college degree","15","West South Central",226534.7276,"sony"
33555.54161,31,"Masters or Doctoral","20","East North Central",69517.18137,"sony"
63942.58518,49,"High School Degree","1","East North Central",329070.2162,"sony"
95503.44431,62,"Less than High School","13","West North Central",46498.45606,"sony"
74098.45744,51,"Less than High School","5","West South Central",360584.9293,"sony"
129414.9474,23,"Masters or Doctoral","17","West South Central",124024.3131,"sony"
102382.3876,29,"Some College","15","Pacific",462817.8838,"sony"
131791.2627,57,"4-year college degree","18","West North Central",204716.8214,"sony"
54284.29212,28,"Some College","9","West South Central",211155.1486,"acer"
110683.8691,34,"Less than High School","19","South Atlantic",310001.4259,"sony"
60028.90066,56,"4-year college degree","14","West South Central",136876.8177,"sony"
59326.2421,30,"4-year college degree","15","New England",277587.1391,"acer"
150000,45,"4-year college degree","13","West North Central",293866.8232,"sony"
139751.2153,35,"Less than High School","5","East South Cental",0,"sony"
80627.29367,27,"Some College","16","Pacific",359984.4832,"acer"
42181.07965,32,"Less than High School","8","West North Central",384309.9097,"sony"
22480.6916,21,"Less than High School","15","East North Central",71814.35685,"sony"
32358.40501,27,"High School Degree","20","Mid-Atlantic",130875.2922,"sony"
95757.13628,46,"4-year college degree","5","New England",454591.9641,"acer"
69865.94242,30,"4-year college degree","17","Mountain",160417.3552,"acer"
32616.26739,74,"4-year college degree","7","East North Central",339856.7396,"acer"
137773.4758,62,"Less than High School","11","West North Central",182448.4335,"sony"
105859.1792,24,"4-year college degree","20","Pacific",121411.6386,"sony"
136425.984,29,"Some College","1","Mid-Atlantic",365473.89,"sony"
29155.9288,38,"High School Degree","15","Mountain",410623.8935,"sony"
46027.89856,72,"Some College","10","West North Central",220311.5955,"acer"
116861.7229,58,"Masters or Doctoral","13","West South Central",82236.29794,"acer"
127118.4967,62,"4-year college degree","11","East South Cental",55652.13218,"sony"
132270.4975,27,"4-year college degree","15","East North Central",237127.3539,"sony"
101966.9606,75,"Less than High School","19","South Atlantic",366462.573,"sony"
128861.6228,68,"Masters or Doctoral","2","Mountain",110492.7153,"sony"
122695.2096,80,"Less than High School","4","East South Cental",114076.3658,"sony"
28564.68634,37,"Masters or Doctoral","5","West South Central",125208.4264,"sony"
126779.3565,68,"Masters or Doctoral","2","Pacific",371034.78,"sony"
102979.3394,29,"Less than High School","16","East North Central",94943.7401,"sony"
57440.24327,53,"Some College","16","West South Central",10710.55191,"sony"
66935.72565,77,"High School Degree","10","Mountain",31882.60902,"acer"
95982.5687,64,"Masters or Doctoral","20","Pacific",275925.697,"sony"
43565.08189,64,"Some College","4","East South Cental",408137.9791,"acer"
72949.54049,57,"4-year college degree","13","New England",284560.7083,"sony"
100743.6194,60,"4-year college degree","14","West North Central",327167.7744,"sony"
52725.35457,65,"4-year college degree","14","East South Cental",23734.61487,"acer"
61307.20115,40,"4-year college degree","16","Pacific",383887.8981,"acer"
124447.3168,50,"Some College","20","Mountain",10869.74507,"sony"
144604.2715,55,"High School Degree","4","East North Central",360823.1191,"sony"
99789.15433,26,"Masters or Doctoral","16","East South Cental",137414.1043,"sony"
108837.6981,54,"Less than High School","8","New England",279729.7586,"acer"
106907.8025,53,"High School Degree","9","South Atlantic",205013.48,"acer"
52219.2966,58,"Masters or Doctoral","9","New England",307750.793,"acer"
49666.53095,62,"Some College","6","West South Central",109000.8255,"acer"
128853.6606,76,"Less than High School","17","South Atlantic",33019.09537,"sony"
122346.5806,31,"High School Degree","7","Pacific",381670.631,"sony"
65060.89348,26,"4-year college degree","18","Mountain",94964.8148,"acer"
150000,42,"High School Degree","6","West South Central",106535.4774,"sony"
87055.62325,70,"Some College","10","East North Central",350769.4326,"sony"
125684.4168,71,"High School Degree","7","New England",289422.9773,"sony"
106181.014,39,"High School Degree","18","Mountain",64679.36085,"acer"
71109.12312,70,"4-year college degree","3","East North Central",265326.9318,"acer"
107580.3461,49,"Masters or Doctoral","11","New England",291693.0255,"acer"
41694.80339,33,"High School Degree","16","South Atlantic",110468.2389,"sony"
46732.67229,80,"Some College","4","South Atlantic",208495.5031,"acer"
33346.75838,72,"Masters or Doctoral","18","Pacific",484809.3065,"acer"
102377.8575,60,"Some College","7","East South Cental",41102.71885,"sony"
102387.9666,57,"4-year college degree","10","West South Central",336447.8847,"acer"
119170.8841,26,"High School Degree","3","New England",154853.3895,"sony"
65198.54974,39,"Less than High School","4","South Atlantic",316017.0231,"acer"
111023.1156,75,"Less than High School","3","West South Central",133288.4324,"sony"
77807.3448,22,"Masters or Doctoral","11","New England",313394.0217,"acer"
75537.89879,70,"Some College","3","East South Cental",415371.2693,"sony"
55795.45274,42,"Masters or Doctoral","6","West North Central",132537.3349,"sony"
139231.73,79,"Less than High School","8","South Atlantic",474308.1948,"sony"
147154.6899,46,"High School Degree","17","New England",192635.0967,"sony"
83320.70787,33,"High School Degree","12","Mountain",190242.9804,"acer"
143807.2645,52,"Masters or Doctoral","5","East South Cental",99863.38473,"sony"
86366.66865,39,"Masters or Doctoral","9","Pacific",81118.57228,"acer"
22597.33581,29,"Some College","1","Mountain",158770.0775,"sony"
140156.0441,23,"Less than High School","12","East North Central",193057.7242,"sony"
33877.04815,20,"Some College","20","East North Central",296607.0413,"sony"
40984.20078,62,"Less than High School","14","South Atlantic",329962.0347,"acer"
103298.6569,21,"4-year college degree","12","South Atlantic",41089.88454,"sony"
131900.2945,58,"4-year college degree","16","New England",283648.8254,"sony"
26103.77469,52,"Some College","4","West North Central",328801.9431,"sony"
131290.2475,67,"High School Degree","8","New England",419013.45,"sony"
65126.97282,38,"Masters or Doctoral","12","East South Cental",157267.9373,"acer"
100720.8943,59,"Less than High School","12","Mountain",492573.1128,"acer"
46394.03829,55,"Masters or Doctoral","2","East South Cental",232409.4597,"sony"
71591.8334,45,"4-year college degree","3","West South Central",34714.63845,"sony"
36467.98849,45,"High School Degree","11","East South Cental",189707.1677,"sony"
78673.81297,44,"Some College","18","East North Central",111287.7365,"acer"
31267.36079,22,"Some College","7","New England",53236.83717,"sony"
84149.15719,25,"4-year college degree","3","Pacific",312335.8925,"acer"
24414.22439,72,"4-year college degree","13","Mid-Atlantic",151902.7992,"sony"
109576.2059,80,"Some College","15","Mid-Atlantic",173121.4844,"sony"
91988.37334,39,"High School Degree","9","Mountain",160696.6979,"acer"
144535.8654,29,"Masters or Doctoral","7","Mid-Atlantic",234737.218,"sony"
70039.10859,30,"High School Degree","19","Pacific",25493.62098,"acer"
34030.97541,43,"4-year college degree","8","West North Central",24954.08078,"sony"
80755.98056,40,"Masters or Doctoral","16","Mountain",340951.6628,"acer"
108865.2724,42,"High School Degree","8","New England",148376.8075,"acer"
99642.64818,32,"Masters or Doctoral","18","Mid-Atlantic",163666.3316,"sony"
81449.3636,67,"Some College","15","South Atlantic",30873.92016,"sony"
124037.1922,44,"4-year college degree","19","West South Central",300058.4485,"acer"
97401.14155,62,"Masters or Doctoral","8","West South Central",102351.6758,"sony"
84651.26476,21,"4-year college degree","14","Mid-Atlantic",54922.8673,"acer"
134980.6978,55,"Less than High School","18","Pacific",43535.70591,"sony"
29429.92839,37,"Less than High School","20","East North Central",388656.3534,"sony"
124519.1049,70,"4-year college degree","18","East North Central",114420.3976,"sony"
136331.5363,70,"Masters or Doctoral","13","New England",448200.4499,"sony"
78443.04024,79,"Some College","1","Mountain",338224.6591,"sony"
143338.5798,75,"High School Degree","8","West North Central",145315.6492,"sony"
124263.3642,54,"High School Degree","14","Mid-Atlantic",292468.2654,"sony"
95943.72227,67,"High School Degree","1","Pacific",187537.5071,"sony"
80767.80508,31,"4-year college degree","14","East North Central",239789.581,"acer"
98614.61749,59,"High School Degree","2","West South Central",94268.80205,"acer"
118646.0402,61,"4-year college degree","20","South Atlantic",50639.33388,"sony"
100389.1612,29,"High School Degree","8","East North Central",82707.06379,"sony"
78742.3327,64,"High School Degree","8","East South Cental",71610.61286,"sony"
41782.77446,55,"Less than High School","20","Mid-Atlantic",447774.8445,"sony"
28474.96828,71,"Some College","19","West South Central",77552.48102,"acer"
117102.9698,52,"Less than High School","1","New England",28799.69798,"acer"
43920.7606,62,"4-year college degree","1","West North Central",419263.8816,"acer"
53895.47193,57,"4-year college degree","19","East South Cental",214218.6774,"sony"
38381.51302,69,"Some College","4","New England",363757.81,"acer"
95064.57778,59,"Less than High School","10","Mountain",371721.2218,"acer"
57538.8124,73,"Masters or Doctoral","10","East North Central",373324.4147,"acer"
141584.8445,76,"4-year college degree","4","East North Central",430184.6456,"sony"
50638.55173,60,"High School Degree","20","New England",145644.9293,"sony"
96886.85536,26,"Less than High School","13","West South Central",84359.77324,"acer"
103782.4711,54,"4-year college degree","4","South Atlantic",274260.2209,"acer"
83155.21778,53,"High School Degree","17","West South Central",400394.1987,"acer"
98141.13018,63,"Masters or Doctoral","17","South Atlantic",108331.241,"sony"
44842.51512,75,"High School Degree","15","West South Central",337783.6492,"acer"
143099.8831,70,"Masters or Doctoral","4","South Atlantic",385492.809,"sony"
139280.2758,46,"High School Degree","16","West North Central",217748.8272,"sony"
111921.0324,66,"Some College","5","Mountain",404900.6421,"sony"
63312.05102,49,"4-year college degree","2","South Atlantic",403869.2337,"sony"
28172.33797,20,"High School Degree","20","New England",415258.1971,"sony"
52766.21942,43,"High School Degree","10","Mountain",416459.4763,"sony"
138836.1189,23,"Some College","13","Mountain",432600.5211,"sony"
117616.5539,61,"High School Degree","10","East South Cental",308431.4715,"sony"
40851.93006,45,"Less than High School","15","East North Central",373951.3005,"sony"
129382.6195,67,"High School Degree","12","East North Central",27915.86658,"sony"
149663.8627,48,"Some College","5","West North Central",396217.481,"sony"
41958.07354,64,"High School Degree","17","West South Central",328445.8687,"acer"
133908.7519,32,"Less than High School","6","South Atlantic",25746.34421,"sony"
40240.98039,20,"Some College","9","New England",497250.552,"sony"
132368.2522,23,"High School Degree","16","East North Central",345529.5681,"sony"
22135.61314,68,"4-year college degree","18","Pacific",302671.5636,"sony"
75728.75365,28,"Masters or Doctoral","1","East North Central",404337.8394,"acer"
42147.62336,20,"Less than High School","2","West North Central",91737.60051,"sony"
102617.0081,50,"4-year college degree","12","Mid-Atlantic",150363.8383,"acer"
66611.1312,54,"High School Degree","13","New England",0,"sony"
30387.90469,71,"4-year college degree","8","Mid-Atlantic",429109.2085,"acer"
89801.08656,71,"Some College","5","New England",294501.2856,"sony"
69486.38552,28,"High School Degree","14","East North Central",35946.48254,"acer"
101519.5603,65,"Less than High School","16","West South Central",250763.7936,"sony"
33761.63668,38,"Some College","19","New England",62501.60888,"sony"
124734.9521,33,"Some College","19","West South Central",289988.8828,"sony"
88183.1224,73,"Some College","6","Mid-Atlantic",232904.8429,"sony"
125591.1121,24,"Masters or Doctoral","10","West North Central",336577.0345,"sony"
97497.97335,37,"Some College","17","East North Central",69279.86522,"acer"
126116.0917,41,"Masters or Doctoral","9","New England",0,"sony"
55228.90458,76,"High School Degree","3","Pacific",167991.735,"acer"
123128.1886,65,"Some College","12","Mountain",356126.8579,"sony"
84511.71086,78,"4-year college degree","3","Mid-Atlantic",485091.7414,"sony"
68170.20143,44,"Less than High School","12","Mid-Atlantic",435547.0571,"sony"
90199.67703,62,"High School Degree","14","Pacific",60786.17012,"sony"
24774.10446,45,"Masters or Doctoral","15","East North Central",266207.4145,"sony"
105956.9139,77,"Masters or Doctoral","16","Mid-Atlantic",235862.73,"sony"
134716.9404,41,"4-year college degree","4","Mid-Atlantic",92765.98581,"sony"
91798.73299,51,"Masters or Doctoral","20","Pacific",52417.17449,"acer"
112166.0795,49,"High School Degree","4","East North Central",92860.87819,"acer"
34526.20972,24,"High School Degree","18","East North Central",59706.34643,"sony"
51662.5349,38,"Some College","17","East South Cental",274675.6127,"sony"
35472.63155,76,"Some College","12","South Atlantic",422403.9486,"acer"
47068.67778,23,"Less than High School","19","Mid-Atlantic",376750.4638,"sony"
123717.6162,34,"Masters or Doctoral","4","East North Central",451112.3521,"sony"
27406.65086,45,"Some College","16","West South Central",48219.34123,"sony"
90560.76148,32,"Some College","12","East North Central",0,"acer"
61674.66686,55,"Some College","7","East South Cental",50246.34942,"sony"
100876.4021,80,"4-year college degree","6","South Atlantic",297951.4472,"sony"
55595.64691,64,"Masters or Doctoral","20","Mid-Atlantic",216904.7973,"acer"
66241.29901,79,"Some College","17","Mountain",296599.8029,"acer"
27542.47432,49,"Some College","12","West South Central",43105.26717,"sony"
113290.1528,21,"4-year college degree","16","West South Central",175361.215,"sony"
105703.8972,70,"Less than High School","16","West South Central",476384.3825,"sony"
128431.6542,50,"Some College","2","West North Central",24732.69665,"sony"
121037.2145,50,"4-year college degree","18","West North Central",408676.5718,"acer"
73613.05541,60,"Masters or Doctoral","16","South Atlantic",387259.7421,"acer"
85030.40337,28,"Less than High School","5","South Atlantic",328151.1109,"acer"
79728.60401,32,"Masters or Doctoral","12","West North Central",223258.9193,"acer"
62785.93187,80,"Masters or Doctoral","13","New England",88690.15856,"acer"
36081.52494,70,"Less than High School","7","Mountain",29043.95393,"acer"
84844.55251,24,"Masters or Doctoral","4","East South Cental",154167.8429,"acer"
86856.13866,42,"Less than High School","16","Mid-Atlantic",180325.0113,"acer"
150000,34,"Less than High School","12","New England",213949.0044,"sony"
126805.0656,25,"Masters or Doctoral","8","East North Central",421117.3413,"sony"
51359.64656,66,"High School Degree","1","Mountain",420460.9916,"acer"
101473.9643,35,"Masters or Doctoral","12","New England",364640.3106,"sony"
100792.7441,65,"Less than High School","4","Pacific",224234.0918,"sony"
72726.27963,28,"Masters or Doctoral","11","Mountain",445551.2022,"acer"
67110.80973,29,"Masters or Doctoral","18","Mountain",27192.41531,"acer"
113681.8019,47,"Less than High School","3","Mountain",198765.227,"acer"
140359.5664,80,"4-year college degree","14","East South Cental",364133.9326,"sony"
25326.53197,67,"4-year college degree","10","West North Central",406003.8473,"sony"
80861.65132,79,"Less than High School","20","South Atlantic",129979.967,"sony"
126089.3496,32,"Less than High School","15","South Atlantic",52488.23651,"sony"
83037.4131,46,"High School Degree","10","Mid-Atlantic",357672.0479,"acer"
70131.59457,22,"Less than High School","14","West North Central",104769.22,"acer"
84981.23869,76,"High School Degree","4","Pacific",267556.4191,"sony"
71914.85026,34,"High School Degree","7","East North Central",210859.1625,"acer"
58227.35754,59,"4-year college degree","12","South Atlantic",30813.52491,"acer"
140927.8115,36,"Some College","4","East South Cental",49415.2188,"sony"
109162.3283,38,"4-year college degree","7","Mid-Atlantic",275202.346,"sony"
120666.0284,22,"Some College","18","Pacific",0,"sony"
41152.09512,56,"Some College","14","East South Cental",5e+05,"sony"
69994.93533,68,"High School Degree","15","Mountain",422831.0477,"acer"
78284.95831,51,"High School Degree","2","South Atlantic",226965.9522,"acer"
120930.1125,67,"High School Degree","4","Mid-Atlantic",446318.418,"sony"
50943.19083,29,"Less than High School","4","Mid-Atlantic",247777.4456,"sony"
125664.9858,20,"4-year college degree","8","West North Central",311759.9713,"sony"
38001.25672,39,"High School Degree","7","West South Central",424859.5122,"sony"
125231.123,57,"4-year college degree","15","Pacific",451439.4006,"sony"
117846.8771,69,"Some College","8","South Atlantic",259880.5499,"sony"
75186.75986,69,"Masters or Doctoral","13","East South Cental",15904.2686,"sony"
144258.2432,50,"High School Degree","5","Pacific",281954.6714,"sony"
129847.495,68,"Some College","19","East South Cental",185347.624,"sony"
88440.60878,79,"High School Degree","8","East South Cental",116056.4369,"sony"
32106.26792,24,"Some College","6","South Atlantic",8489.56592,"sony"
88951.76854,74,"Less than High School","19","East North Central",56797.15575,"sony"
53239.65222,65,"High School Degree","8","West North Central",159378.5444,"acer"
92914.68299,72,"Masters or Doctoral","3","East South Cental",255303.4296,"sony"
20000,50,"Masters or Doctoral","18","South Atlantic",106728.1833,"sony"
33126.1081,68,"High School Degree","16","East South Cental",29410.88991,"acer"
139875.0937,33,"Masters or Doctoral","4","Pacific",337202.9524,"sony"
52524.7243,38,"Masters or Doctoral","8","Mountain",42008.39043,"acer"
147109.618,36,"Less than High School","6","East South Cental",247877.7843,"sony"
38056.89136,53,"Masters or Doctoral","9","Pacific",112405.3701,"sony"
104366.3511,74,"Less than High School","16","Mountain",383328.0084,"sony"
79877.15273,26,"4-year college degree","3","South Atlantic",392719.8628,"acer"
38014.0722,38,"Masters or Doctoral","7","West North Central",9414.502849,"sony"
67717.72809,22,"Less than High School","9","East North Central",333304.9064,"acer"
136492.2219,35,"Less than High School","10","West North Central",341278.6865,"sony"
121495.5405,31,"Some College","14","Mountain",6326.914031,"sony"
118735.0959,60,"4-year college degree","18","West North Central",462528.1158,"sony"
76892.78139,22,"High School Degree","18","West North Central",112009.8565,"acer"
114051.6654,80,"High School Degree","5","East South Cental",368849.6781,"sony"
129049.3046,41,"Masters or Doctoral","7","Mountain",215890.145,"sony"
98747.53641,33,"High School Degree","14","Mountain",363835.474,"acer"
95154.59,43,"4-year college degree","6","South Atlantic",216137.453,"acer"
119938.4492,33,"High School Degree","17","South Atlantic",427726.8268,"sony"
32823.84097,69,"Less than High School","1","East North Central",330470.1721,"acer"
108194.2975,60,"Less than High School","16","Pacific",63262.25447,"sony"
77182.64266,58,"Less than High School","16","West North Central",470772.3361,"acer"
134162.4426,46,"High School Degree","1","Mountain",133972.0205,"sony"
59923.53078,30,"4-year college degree","6","South Atlantic",271462.7102,"acer"
90092.26977,38,"Some College","2","South Atlantic",2960.830445,"acer"
20000,55,"4-year college degree","13","West South Central",76301.49243,"sony"
22200.23655,30,"Some College","14","New England",255048.2538,"sony"
126766.5153,49,"High School Degree","7","New England",201482.8269,"sony"
48821.20733,20,"Some College","7","Mid-Atlantic",292973.176,"sony"
143198.9557,21,"High School Degree","10","Mountain",360370.9539,"sony"
90317.6563,57,"Some College","4","East South Cental",401940.9853,"acer"
100760.2832,47,"Less than High School","3","East South Cental",359084.1791,"acer"
108660.7955,37,"Some College","16","Mid-Atlantic",407763.3875,"sony"
26631.11553,44,"4-year college degree","5","South Atlantic",392756.0347,"sony"
57534.9474,31,"4-year college degree","14","West South Central",340242.8485,"acer"
150000,31,"High School Degree","6","East South Cental",18746.06255,"sony"
145473.729,30,"Masters or Doctoral","10","West North Central",496336.6334,"sony"
85455.10077,67,"Some College","15","East North Central",38195.87775,"sony"
40907.29653,40,"Masters or Doctoral","12","West North Central",373519.9687,"sony"
51209.43676,75,"4-year college degree","15","New England",471146.9306,"acer"
74655.43259,30,"Less than High School","20","South Atlantic",144253.8455,"acer"
80011.43406,25,"Some College","5","East North Central",16305.62117,"acer"
39788.97359,77,"Less than High School","6","Mountain",262594.5037,"acer"
144477.9463,79,"High School Degree","18","South Atlantic",185970.9044,"sony"
133129.8363,26,"Some College","8","East North Central",454015.3374,"sony"
81246.85009,45,"4-year college degree","5","Mid-Atlantic",478720.7346,"acer"
87644.88836,64,"Some College","4","West South Central",269107.3598,"sony"
47946.20619,74,"High School Degree","18","East North Central",325803.9257,"acer"
26181.78817,34,"4-year college degree","18","Mid-Atlantic",358373.8012,"sony"
29100.65711,47,"4-year college degree","2","West South Central",123686.9846,"sony"
150000,54,"4-year college degree","5","West North Central",452900.602,"sony"
94215.50982,70,"Some College","19","West North Central",320868.9744,"sony"
36491.34304,60,"Less than High School","11","West South Central",21063.10262,"acer"
67583.09341,40,"Masters or Doctoral","20","Pacific",462167.7236,"sony"
83674.78362,52,"Some College","17","West North Central",393531.427,"acer"
53378.90553,31,"Masters or Doctoral","4","West North Central",29724.58118,"acer"
38347.60638,29,"High School Degree","3","New England",302440.8337,"sony"
39605.61329,37,"Masters or Doctoral","14","Mid-Atlantic",229431.4297,"sony"
150000,60,"Less than High School","6","Pacific",0,"sony"
29145.05202,46,"4-year college degree","14","East North Central",413792.0936,"sony"
41927.38947,77,"4-year college degree","12","East North Central",411092.8793,"acer"
96174.1583,42,"Masters or Doctoral","18","Mid-Atlantic",16637.7827,"acer"
120683.0567,23,"High School Degree","7","East North Central",213369.5437,"sony"
68366.16637,70,"Less than High School","8","East North Central",177422.9105,"acer"
101576.5534,37,"High School Degree","6","Mountain",17597.54856,"sony"
91741.34191,34,"Masters or Doctoral","7","South Atlantic",32916.26359,"acer"
52402.63038,60,"High School Degree","14","West North Central",153606.1105,"sony"
20000,46,"4-year college degree","11","South Atlantic",24278.0568,"sony"
115304.8347,25,"Less than High School","10","South Atlantic",190231.3212,"sony"
69686.11181,44,"High School Degree","4","New England",95997.85733,"sony"
51415.90533,39,"Masters or Doctoral","13","East North Central",455361.5833,"sony"
111699.1717,33,"Masters or Doctoral","4","New England",348029.4555,"sony"
131707.6493,32,"4-year college degree","14","East North Central",318643.4027,"sony"
148919.5045,23,"Less than High School","19","East South Cental",362707.202,"sony"
43427.74892,25,"High School Degree","4","East North Central",197251.6346,"sony"
33956.11446,53,"Some College","16","South Atlantic",429541.483,"sony"
115828.06,68,"High School Degree","1","East North Central",18030.9264,"sony"
105146.6401,50,"High School Degree","15","New England",386100.1275,"acer"
126690.5332,34,"4-year college degree","13","Mid-Atlantic",130693.9424,"sony"
99713.75343,29,"4-year college degree","12","Pacific",121723.7579,"sony"
92615.61198,58,"4-year college degree","18","East North Central",156798.0757,"acer"
147261.7124,77,"4-year college degree","13","Mountain",265937.9077,"sony"
97953.53656,59,"Masters or Doctoral","7","Pacific",457752.0072,"acer"
146023.5736,37,"Some College","10","East North Central",321669.9196,"sony"
111752.1903,57,"Some College","10","East South Cental",298985.084,"acer"
126576.095,48,"Some College","10","South Atlantic",133080.1973,"sony"
112042.7647,67,"Less than High School","5","Mountain",102123.8733,"sony"
86634.13251,58,"Masters or Doctoral","8","West South Central",62677.82283,"acer"
130998.0254,33,"High School Degree","6","Pacific",44132.73097,"sony"
22525.55347,44,"Less than High School","11","Mid-Atlantic",272823.2757,"sony"
137287.5028,72,"4-year college degree","13","New England",346449.8498,"sony"
114207.1954,62,"Some College","20","South Atlantic",357424.1046,"sony"
113499.6563,30,"Some College","2","Mountain",438957.5526,"sony"
38186.91159,54,"Less than High School","16","West South Central",16086.42305,"sony"
64701.59678,65,"Less than High School","6","Mountain",471612.2748,"acer"
56898.05694,24,"High School Degree","1","West South Central",306946.9072,"acer"
114395.8693,58,"Less than High School","10","New England",165181.6962,"acer"
46201.10557,56,"High School Degree","18","Mountain",483987.3029,"sony"
129455.3961,72,"Some College","12","Mid-Atlantic",5794.417635,"sony"
39866.86459,31,"Less than High School","19","East North Central",308537.5774,"sony"
144302.4264,69,"Less than High School","3","West North Central",209210.9535,"sony"
119578.3189,55,"High School Degree","11","West South Central",394388.6206,"acer"
49104.21862,34,"4-year college degree","7","Mountain",5e+05,"acer"
76217.97536,30,"High School Degree","16","Mountain",423390.3608,"acer"
23247.75233,21,"Masters or Doctoral","18","South Atlantic",275547.5064,"sony"
97481.02374,20,"Some College","5","South Atlantic",406829.4688,"sony"
46683.10775,51,"Less than High School","16","Mid-Atlantic",359282.7366,"sony"
144262.6344,60,"Masters or Doctoral","18","South Atlantic",435470.7486,"sony"
133167.5657,31,"4-year college degree","15","Mid-Atlantic",246672.2746,"sony"
81648.26667,68,"Masters or Doctoral","18","Pacific",119645.3784,"sony"
25164.92819,31,"Masters or Doctoral","15","West South Central",26332.3825,"sony"
58689.46673,33,"4-year college degree","8","East South Cental",459145.5642,"acer"
65932.92604,52,"High School Degree","16","East North Central",398707.0481,"sony"
23122.4621,25,"4-year college degree","4","New England",236424.3239,"sony"
143075.5634,74,"4-year college degree","17","East South Cental",264651.9842,"sony"
83594.75226,46,"Some College","17","Pacific",398033.715,"acer"
145390.6465,65,"4-year college degree","18","New England",320227.9249,"sony"
24024.06868,36,"Less than High School","7","East North Central",116208.8373,"sony"
118765.6484,35,"Masters or Doctoral","16","West North Central",419233.2221,"sony"
76848.81577,25,"4-year college degree","5","Pacific",32650.95348,"acer"
147684.4187,64,"4-year college degree","5","West North Central",360761.563,"sony"
71895.94714,30,"Some College","11","East South Cental",88101.00235,"acer"
107445.4758,66,"High School Degree","11","West North Central",484648.5118,"sony"
117818.6109,32,"4-year college degree","17","South Atlantic",82083.67343,"sony"
77988.89401,31,"High School Degree","17","Pacific",127632.0273,"acer"
31790.02989,59,"Some College","10","Mountain",41599.14812,"sony"
130436.9443,44,"High School Degree","8","Mountain",430396.955,"sony"
51339.42548,46,"Masters or Doctoral","4","New England",94955.99896,"sony"
125497.2896,36,"Less than High School","13","East North Central",41166.91088,"sony"
86405.30499,65,"High School Degree","15","Pacific",97597.58206,"sony"
26436.30019,49,"High School Degree","13","Mid-Atlantic",41034.86614,"sony"
47982.19362,60,"Some College","3","Mountain",214561.1293,"sony"
148358.7815,54,"High School Degree","13","West North Central",61081.16876,"sony"
48503.40184,57,"Some College","6","Mountain",403737.3018,"sony"
55525.26841,49,"Less than High School","10","New England",310990.5199,"sony"
112460.1002,79,"High School Degree","17","Mid-Atlantic",245852.2423,"sony"
20000,57,"Masters or Doctoral","11","West North Central",407471.4079,"sony"
46421.40043,57,"High School Degree","10","East South Cental",459970.5876,"sony"
121948.6156,42,"Some College","16","East South Cental",209958.5362,"acer"
98104.39844,66,"Less than High School","11","West North Central",62725.50398,"sony"
54154.60052,29,"Less than High School","1","West North Central",374329.7347,"acer"
136196.5888,61,"High School Degree","4","New England",200663.1997,"sony"
116523.9824,78,"High School Degree","18","East South Cental",491768.2903,"sony"
149469.4587,30,"High School Degree","2","East North Central",317345.2955,"sony"
132581.1622,77,"Some College","2","Mid-Atlantic",163989.0859,"sony"
146660.3486,27,"4-year college degree","1","West North Central",375791.1975,"sony"
90500.48802,48,"High School Degree","12","South Atlantic",145640.5506,"acer"
119139.0282,77,"Masters or Doctoral","1","South Atlantic",392656.5764,"sony"
73840.7254,41,"Less than High School","12","Pacific",373994.1499,"acer"
76042.69349,76,"Some College","15","Pacific",145115.0386,"acer"
141170.557,71,"Some College","13","West South Central",417359.8552,"sony"
26766.82478,76,"Masters or Doctoral","14","West South Central",147570.4196,"sony"
55993.95161,41,"Less than High School","2","East North Central",250816.2397,"sony"
65270.34777,53,"Less than High School","2","West North Central",338117.1749,"sony"
29113.67189,70,"4-year college degree","14","East South Cental",474245.49,"acer"
126441.3766,71,"Some College","7","Pacific",113446.0993,"sony"
150000,52,"Less than High School","5","West South Central",146295.3898,"sony"
30053.3116,20,"Masters or Doctoral","14","East South Cental",11641.76899,"sony"
40349.31081,60,"Masters or Doctoral","8","West North Central",273497.7081,"sony"
136686.6396,21,"4-year college degree","15","Pacific",198368.3004,"sony"
119530.6957,40,"Masters or Doctoral","5","East South Cental",315373.935,"acer"
117544.602,73,"Some College","14","South Atlantic",440434.6298,"sony"
120388.092,73,"High School Degree","11","East South Cental",355737.1948,"sony"
44683.17091,74,"4-year college degree","20","Mountain",307704.517,"acer"
91134.40251,52,"Masters or Doctoral","16","New England",418937.7002,"acer"
125341.046,46,"Less than High School","10","New England",255660.59,"sony"
128373.6902,32,"High School Degree","13","West South Central",94597.60203,"sony"
101338.703,73,"Some College","7","New England",189333.0088,"sony"
67883.97503,36,"Less than High School","7","West South Central",387925.6604,"acer"
49166.55867,72,"Masters or Doctoral","4","South Atlantic",255269.9528,"acer"
40455.34212,69,"Masters or Doctoral","6","South Atlantic",176991.521,"acer"
84694.7,30,"High School Degree","8","South Atlantic",250221.696,"acer"
148625.6882,72,"Masters or Doctoral","1","Mid-Atlantic",285932.7099,"sony"
132077.5229,37,"High School Degree","18","Mid-Atlantic",299401.439,"sony"
125728.7297,70,"Less than High School","1","East South Cental",147886.5471,"sony"
35194.45986,57,"4-year college degree","17","West North Central",423390.3382,"sony"
99807.39957,53,"Masters or Doctoral","20","Pacific",20396.41602,"acer"
67689.86579,39,"Some College","7","Mid-Atlantic",421981.21,"sony"
77548.30614,69,"Some College","6","Mountain",278091.4578,"sony"
81267.00494,28,"High School Degree","13","West North Central",402966.1359,"acer"
111914.2961,51,"Masters or Doctoral","9","East South Cental",18718.69985,"acer"
108812.5616,78,"Some College","15","South Atlantic",379472.8383,"sony"
92395.88867,67,"Some College","11","Mid-Atlantic",272035.2358,"sony"
129217.7592,36,"4-year college degree","1","Pacific",118017.6604,"sony"
82970.79842,49,"Some College","9","Pacific",77398.21155,"acer"
120219.7787,22,"Less than High School","7","Mountain",438353.3624,"sony"
150000,55,"Less than High School","1","East South Cental",52967.9648,"sony"
75874.87706,34,"Some College","1","West South Central",175609.8409,"acer"
47084.64841,38,"Masters or Doctoral","13","Mountain",114031.8956,"sony"
71616.21283,57,"Less than High School","13","Mid-Atlantic",235347.1367,"acer"
114235.5889,20,"Less than High School","6","South Atlantic",389422.3778,"sony"
37489.25801,71,"Less than High School","10","New England",494354.675,"acer"
47288.78976,45,"4-year college degree","19","Pacific",218635.408,"sony"
122128.0174,75,"4-year college degree","15","Mountain",453851.3739,"sony"
26103.65509,71,"Less than High School","10","South Atlantic",246953.9916,"acer"
23007.63541,64,"Less than High School","17","West North Central",279673.0349,"sony"
20808.87199,22,"Less than High School","14","Pacific",114108.3233,"sony"
115159.3892,68,"Masters or Doctoral","19","Mountain",5e+05,"sony"
107574.9823,46,"High School Degree","13","West North Central",60456.07615,"acer"
33869.81399,46,"High School Degree","4","West North Central",38801.94649,"sony"
44409.84309,42,"4-year college degree","9","South Atlantic",457788.3097,"sony"
140468.9759,33,"Masters or Doctoral","18","West South Central",173789.16,"sony"
101066.7536,38,"Less than High School","17","West North Central",41103.37933,"sony"
63010.98878,76,"High School Degree","17","Mountain",157096.4714,"acer"
23229.01672,70,"High School Degree","13","Mid-Atlantic",97817.04769,"sony"
131094.945,20,"Less than High School","19","Mountain",28296.11318,"sony"
35776.12709,29,"Less than High School","19","West South Central",63147.07867,"sony"
28875.47683,57,"High School Degree","19","West South Central",269437.4542,"sony"
49980.67258,42,"Masters or Doctoral","10","Mid-Atlantic",464018.9985,"sony"
50380.37914,41,"Less than High School","9","West North Central",479676.6857,"sony"
59515.58634,58,"High School Degree","15","East North Central",163228.4283,"acer"
126678.7474,56,"Less than High School","3","Mid-Atlantic",115310.955,"sony"
76960.95184,64,"4-year college degree","11","Pacific",473206.2764,"sony"
138539.188,72,"4-year college degree","1","Pacific",63498.21135,"sony"
114528.7864,46,"Some College","9","New England",43487.03414,"acer"
107866.5233,80,"Masters or Doctoral","6","Pacific",38312.17185,"sony"
113897.687,64,"4-year college degree","11","South Atlantic",376752.6653,"sony"
112547.1223,22,"Masters or Doctoral","15","South Atlantic",477439.5264,"sony"
143239.8592,37,"High School Degree","10","East South Cental",240477.3689,"sony"
26830.25699,70,"Masters or Doctoral","4","Pacific",73267.63058,"sony"
97959.04982,63,"High School Degree","4","West North Central",0,"sony"
68923.3912,20,"4-year college degree","18","Mountain",392922.1205,"acer"
99033.11618,24,"High School Degree","19","East South Cental",370662.1075,"sony"
99412.51833,74,"4-year college degree","17","East North Central",317447.7241,"sony"
75361.36523,60,"High School Degree","2","East North Central",207392.8593,"acer"
96843.49389,54,"Masters or Doctoral","9","Mountain",4017.750115,"acer"
84203.22127,21,"High School Degree","3","Mountain",52135.54403,"acer"
79037.70349,42,"Less than High School","9","New England",0,"acer"
71862.52528,40,"Less than High School","10","West North Central",407320.0751,"sony"
33262.98922,27,"Some College","8","West South Central",139062.8613,"sony"
88044.48843,31,"Masters or Doctoral","15","West North Central",322255.6502,"acer"
35817.59524,54,"Some College","2","Mid-Atlantic",386728.2655,"sony"
55694.32715,33,"4-year college degree","5","East North Central",246347.9796,"acer"
36082.04199,73,"4-year college degree","6","West North Central",28983.25994,"acer"
118632.6796,48,"Some College","4","New England",112692.6493,"acer"
49022.60555,30,"High School Degree","11","Pacific",66129.49119,"sony"
108689.3965,40,"Less than High School","4","South Atlantic",225474.4512,"sony"
137082.6524,37,"High School Degree","10","Pacific",256322.8543,"sony"
147671.0745,48,"High School Degree","13","Mid-Atlantic",62841.33474,"sony"
41366.5876,28,"High School Degree","8","New England",410485.7032,"sony"
103165.3784,80,"Less than High School","13","East South Cental",441647.329,"sony"
31102.94166,70,"Some College","19","Mountain",369525.8456,"acer"
81517.94219,31,"High School Degree","1","Mid-Atlantic",242085.0526,"acer"
140061.7309,20,"4-year college degree","16","South Atlantic",79228.72044,"sony"
126246.2335,77,"High School Degree","19","East South Cental",150048.4648,"sony"
45686.33483,66,"4-year college degree","4","Mid-Atlantic",202040.4688,"acer"
84335.0978,72,"High School Degree","9","Mid-Atlantic",191251.8834,"sony"
77981.00522,33,"Masters or Doctoral","11","West North Central",63697.94998,"acer"
102448.3458,46,"Masters or Doctoral","1","East South Cental",409674.135,"acer"
40040.18339,35,"Less than High School","3","West North Central",99803.51257,"sony"
57325.63394,30,"Less than High School","4","West North Central",201732.5706,"acer"
134813.5471,58,"Masters or Doctoral","16","East South Cental",270960.8905,"sony"
33775.24678,36,"Some College","2","West South Central",485878.0886,"sony"
58303.6497,30,"4-year college degree","17","Mid-Atlantic",137074.9114,"acer"
36261.92818,33,"Some College","5","West North Central",172924.5945,"sony"
129637.0031,22,"Masters or Doctoral","1","Mountain",66660.01747,"sony"
54416.35024,64,"4-year college degree","2","South Atlantic",31411.40277,"acer"
62769.59782,75,"High School Degree","7","East North Central",428442.9666,"acer"
135406.9168,67,"High School Degree","3","West North Central",175749.8695,"sony"
21543.05112,34,"Less than High School","15","New England",77041.88403,"sony"
73443.47292,58,"Some College","1","Pacific",465588.337,"sony"
140998.7,72,"High School Degree","15","South Atlantic",454947.659,"sony"
78277.17,65,"Some College","20","New England",49146.50719,"sony"
95975.46445,60,"Some College","9","Mid-Atlantic",471029.3363,"acer"
43832.67268,64,"Some College","8","East South Cental",242040.2964,"acer"
104306.888,54,"4-year college degree","8","South Atlantic",360603.2471,"acer"
23100.93076,70,"4-year college degree","20","Mountain",30309.13748,"sony"
125924.6285,73,"Less than High School","5","Mountain",330645.6817,"sony"
80092.13978,41,"Less than High School","16","West North Central",0,"acer"
34575.81157,49,"Less than High School","19","East South Cental",122201.5746,"sony"
97392.37045,25,"Less than High School","5","West North Central",145979.2893,"acer"
134300.3857,71,"High School Degree","8","New England",354391.2522,"sony"
63701.84592,51,"High School Degree","7","West North Central",43344.30554,"sony"
115171.7258,74,"Less than High School","17","Mid-Atlantic",369586.8295,"sony"
93458.18989,25,"Less than High School","16","Pacific",146163.0274,"acer"
89582.05456,42,"Some College","2","East North Central",5295.954085,"acer"
61689.89863,39,"Masters or Doctoral","1","Pacific",494727.8475,"acer"
91825.67737,36,"Some College","6","West South Central",187143.7442,"acer"
36201.28865,68,"High School Degree","17","New England",310679.3275,"acer"
111724.8347,34,"Masters or Doctoral","4","South Atlantic",45407.90802,"sony"
43827.15235,36,"4-year college degree","9","New England",97299.99378,"sony"
137254.3104,56,"High School Degree","17","Pacific",482580.5517,"sony"
27415.68358,77,"Some College","20","West South Central",470343.2924,"acer"
30625.31627,21,"4-year college degree","10","Mountain",13612.21514,"sony"
28814.63501,73,"Some College","13","West North Central",173463.651,"acer"
72894.83285,59,"4-year college degree","14","Mountain",139441.0012,"sony"
24232.90667,48,"Less than High School","2","Mountain",389257.7595,"sony"
106769.3934,37,"Masters or Doctoral","6","East North Central",335986.1102,"sony"
94875.11949,39,"4-year college degree","11","West South Central",157076.6931,"acer"
103930.8245,24,"High School Degree","18","Mid-Atlantic",269319.1661,"sony"
85759.65197,32,"Some College","11","East North Central",206462.0895,"acer"
129751.0511,43,"Masters or Doctoral","10","East South Cental",174247.8109,"sony"
126682.9251,64,"High School Degree","8","New England",466005.2554,"sony"
54166.24521,20,"Less than High School","1","West South Central",489818.5295,"acer"
45043.09037,70,"Some College","20","Mid-Atlantic",392049.0514,"acer"
113431.5529,31,"4-year college degree","16","Mountain",382622.405,"sony"
141485.5513,71,"Less than High School","17","Mid-Atlantic",20441.92673,"sony"
46737.23472,42,"High School Degree","3","West North Central",295620.119,"sony"
34576.67852,72,"Some College","10","New England",169159.3836,"acer"
90843.41814,61,"Less than High School","7","East North Central",321947.7702,"sony"
36438.2847,59,"Less than High School","15","East South Cental",298455.2243,"sony"
119912.6893,39,"4-year college degree","8","South Atlantic",54840.73957,"acer"
114450.9485,29,"High School Degree","14","East South Cental",239529.4164,"sony"
33039.49992,34,"Some College","19","East North Central",446845.4526,"sony"
48597.81342,70,"Masters or Doctoral","14","Mountain",167109.4943,"acer"
107203.7773,26,"Some College","7","East North Central",306604.7472,"sony"
71092.55242,68,"Less than High School","19","Mountain",387398.4507,"acer"
47981.40228,78,"High School Degree","11","Mid-Atlantic",197835.583,"acer"
104368.8751,72,"4-year college degree","20","East North Central",202705.7902,"sony"
55462.67244,41,"4-year college degree","16","New England",42027.63153,"sony"
42621.16629,32,"Some College","6","West North Central",194001.3894,"sony"
30851.48315,78,"4-year college degree","18","East North Central",117969.5271,"acer"
97056.25939,67,"4-year college degree","8","East North Central",454957.6138,"sony"
65474.07409,32,"Less than High School","15","Mountain",123080.1427,"acer"
121170.4692,38,"High School Degree","5","Pacific",473466.5794,"sony"
30007.80417,63,"Less than High School","13","East South Cental",439340.5697,"sony"
120560.6861,73,"Masters or Doctoral","15","Mountain",141278.2404,"sony"
36624.3764,35,"High School Degree","16","West North Central",367966.4572,"sony"
115625.6656,26,"Some College","6","New England",454494.9742,"sony"
56598.02272,71,"Masters or Doctoral","11","East South Cental",34620.31684,"acer"
129118.5519,69,"Less than High School","15","Mid-Atlantic",126361.9653,"sony"
95134.64941,43,"4-year college degree","11","South Atlantic",420593.7616,"acer"
35950.69002,30,"Some College","5","Pacific",80720.853,"sony"
103431.5539,49,"Masters or Doctoral","2","South Atlantic",217612.6594,"acer"
90127.51395,26,"Some College","3","Pacific",139630.4556,"acer"
33374.98209,61,"Less than High School","1","South Atlantic",165981.9315,"acer"
126344.4557,49,"Some College","15","East South Cental",39675.04254,"sony"
113721.9289,66,"Some College","7","New England",50726.10231,"sony"
81557.97677,40,"Less than High School","3","East North Central",62197.7659,"acer"
95854.2807,62,"Less than High School","6","Pacific",97303.03328,"sony"
95735.32276,29,"4-year college degree","12","Mountain",85816.76412,"acer"
37638.34577,58,"4-year college degree","8","Mountain",45170.58545,"sony"
49176.69202,66,"Less than High School","16","East North Central",440809.3877,"acer"
80716.54955,79,"Some College","15","New England",266685.0428,"sony"
105646.1997,59,"High School Degree","4","Pacific",163283.0061,"acer"
87121.41559,25,"Less than High School","13","New England",419645.7815,"acer"
26842.13948,70,"Some College","10","Mountain",337168.3457,"sony"
93216.51782,75,"Masters or Doctoral","14","East South Cental",439422.8855,"sony"
146370.2049,71,"High School Degree","20","East South Cental",309204.736,"sony"
29724.09253,49,"Some College","9","South Atlantic",40858.34964,"sony"
143709.4215,51,"Less than High School","17","West North Central",297948.4964,"sony"
20000,27,"Less than High School","7","Mid-Atlantic",398008.776,"sony"
48362.79485,40,"4-year college degree","11","West North Central",0,"sony"
45789.14735,31,"Less than High School","13","East North Central",473339.6622,"sony"
126471.9181,77,"4-year college degree","11","West North Central",437345.1063,"sony"
106921.3431,36,"4-year college degree","17","Mountain",94318.03402,"sony"
118526.9551,33,"4-year college degree","15","Mountain",460317.7887,"sony"
113390.8027,59,"Masters or Doctoral","11","West South Central",112239.0269,"acer"
85914.2271,77,"Some College","2","Pacific",131436.0378,"sony"
114495.4691,36,"4-year college degree","10","New England",36282.40997,"sony"
71347.71227,31,"Less than High School","2","Mid-Atlantic",144669.567,"acer"
43566.97431,51,"Some College","16","West North Central",477050.4319,"sony"
110476.3152,32,"Some College","16","Mountain",467600.6561,"sony"
112308.6969,42,"4-year college degree","15","Mid-Atlantic",288488.492,"acer"
25728.23081,64,"Masters or Doctoral","8","New England",441966.5686,"sony"
21571.09379,65,"High School Degree","19","New England",368401.3864,"sony"
77838.59047,65,"Less than High School","12","Pacific",378681.8105,"sony"
95106.44566,67,"Less than High School","2","South Atlantic",438544.0041,"sony"
74547.75913,35,"Some College","18","East North Central",173022.6886,"acer"
76351.13728,57,"High School Degree","19","Mid-Atlantic",113077.2353,"acer"
77917.28955,28,"Some College","5","East North Central",143396.9944,"acer"
29090.32999,52,"Less than High School","18","South Atlantic",264669.4435,"sony"
121756.9615,33,"4-year college degree","2","West North Central",115680.6021,"sony"
71342.3838,54,"Less than High School","11","Pacific",231996.7468,"sony"
150000,74,"Less than High School","8","Mid-Atlantic",155584.6972,"sony"
30152.40464,74,"Some College","3","New England",198376.4253,"acer"
30740.18376,24,"Less than High School","19","South Atlantic",176536.3786,"sony"
84024.68079,54,"Masters or Doctoral","19","Pacific",337108.7777,"acer"
132440.6696,46,"Some College","8","Pacific",183894.2865,"sony"
111458.4802,32,"Some College","20","Mountain",381758.7145,"sony"
55973.67662,76,"High School Degree","7","East South Cental",26093.83703,"acer"
134471.1102,60,"4-year college degree","13","Pacific",272009.1632,"sony"
115596.6123,30,"Less than High School","14","New England",5086.540816,"sony"
55044.1066,45,"Less than High School","5","Pacific",258517.8619,"sony"
42890.38723,47,"Some College","20","New England",408620.0299,"sony"
78509.73629,53,"High School Degree","19","West South Central",115100.9283,"acer"
115630.3728,60,"High School Degree","15","South Atlantic",142854.1426,"sony"
83418.11988,58,"4-year college degree","17","West South Central",92155.40682,"acer"
82787.61695,69,"Masters or Doctoral","5","East South Cental",199044.494,"sony"
101543.9956,60,"4-year college degree","10","New England",66464.18848,"sony"
86007.0738,67,"Masters or Doctoral","20","Pacific",30018.64198,"sony"
86623.68309,38,"4-year college degree","18","East South Cental",464585.4136,"acer"
29123.77478,22,"Some College","6","Mid-Atlantic",454092.8197,"sony"
78968.47598,43,"Some College","15","West South Central",243507.6865,"acer"
114749.1719,23,"Less than High School","17","Mountain",42025.6607,"sony"
50194.50781,75,"High School Degree","8","Mid-Atlantic",80387.3802,"acer"
45144.75342,24,"Some College","11","South Atlantic",258505.0752,"sony"
23562.60317,27,"Some College","3","Mountain",400129.2414,"sony"
102476.1841,49,"High School Degree","14","West North Central",152705.578,"acer"
42509.61502,20,"Masters or Doctoral","20","East South Cental",278502.3324,"sony"
86346.42344,50,"4-year college degree","3","Mid-Atlantic",371826.1484,"acer"
20000,26,"High School Degree","19","East North Central",811.233153,"sony"
104962.3213,76,"4-year college degree","1","Mountain",205456.4825,"sony"
20000,64,"Masters or Doctoral","18","Pacific",461223.86,"sony"
99945.79676,66,"Some College","8","West South Central",132557.4532,"sony"
101779.3902,28,"Masters or Doctoral","17","East South Cental",474756.7836,"sony"
125453.7298,66,"Masters or Doctoral","13","East North Central",183805.5791,"sony"
109912.9582,73,"High School Degree","16","Mountain",41543.76983,"sony"
35748.7491,28,"4-year college degree","16","East South Cental",142679.8697,"sony"
109447.4568,70,"4-year college degree","12","West South Central",241159.839,"sony"
96550.46861,46,"Masters or Doctoral","15","East South Cental",35802.91712,"acer"
101562.1061,59,"High School Degree","16","West North Central",123791.1412,"acer"
95650.58462,44,"Some College","16","East South Cental",224758.7662,"acer"
91850.1359,67,"Masters or Doctoral","19","East North Central",447141.9696,"sony"
21882.17407,80,"Some College","20","East North Central",10638.81168,"sony"
20000,80,"4-year college degree","15","Mid-Atlantic",365821.8727,"sony"
39234.03949,63,"Some College","6","East South Cental",371020.544,"acer"
51888.51738,80,"Some College","20","New England",335059.667,"acer"
100770.7787,45,"Masters or Doctoral","12","Pacific",252548.4016,"acer"
71340.62234,76,"Masters or Doctoral","7","Mountain",272351.6326,"acer"
118029.4243,41,"Less than High School","15","West North Central",450650.2171,"sony"
74179.213,41,"Masters or Doctoral","12","West North Central",64499.49633,"sony"
44746.90311,29,"Masters or Doctoral","12","Mountain",373748.1998,"sony"
52787.26607,26,"Masters or Doctoral","4","Mid-Atlantic",78854.84383,"acer"
27174.56775,72,"Some College","11","Mid-Atlantic",235517.7057,"acer"
113526.3416,40,"Less than High School","10","West South Central",338284.4939,"acer"
60394.50385,69,"High School Degree","13","Pacific",445734.483,"acer"
127521.587,78,"Less than High School","19","Mid-Atlantic",332586.2203,"sony"
20000,80,"High School Degree","5","East South Cental",395555.7368,"sony"
60329.49862,77,"Less than High School","17","East North Central",194778.5977,"acer"
58652.8533,26,"Masters or Doctoral","4","Mountain",315279.2106,"acer"
20421.06203,27,"Less than High School","2","Pacific",203564.9978,"sony"
96205.4869,20,"Masters or Doctoral","12","Mid-Atlantic",263129.5533,"acer"
63443.73862,22,"High School Degree","12","East South Cental",90608.36342,"acer"
100944.1431,53,"Some College","13","West North Central",100645.7799,"acer"
134994.341,73,"Some College","14","Pacific",32916.07259,"sony"
92899.01242,22,"Masters or Doctoral","6","New England",258454.6586,"acer"
96546.44309,44,"Masters or Doctoral","9","Mid-Atlantic",123743.6314,"acer"
100163.7051,55,"Masters or Doctoral","13","West North Central",485751.3709,"acer"
64777.9497,49,"Masters or Doctoral","4","Mountain",1470.588698,"sony"
124972.1483,35,"4-year college degree","6","Mid-Atlantic",58001.55173,"sony"
128008.6716,43,"Less than High School","19","South Atlantic",288001.8097,"sony"
67676.55114,49,"4-year college degree","8","East South Cental",374168.6356,"sony"
37309.70959,67,"4-year college degree","6","West South Central",66797.56817,"acer"
107521.0845,35,"High School Degree","5","West South Central",466270.1097,"sony"
148866.4467,60,"Some College","16","Pacific",8499.209514,"sony"
48930.00366,65,"Masters or Doctoral","20","Mid-Atlantic",119518.4377,"acer"
129476.7258,63,"Some College","14","West North Central",405703.6642,"sony"
88821.0294,72,"Masters or Doctoral","10","Mid-Atlantic",269134.6707,"sony"
30576.83581,33,"4-year college degree","4","South Atlantic",335387.7493,"sony"
106372.3208,57,"Masters or Doctoral","16","West South Central",116848.7339,"acer"
77093.71734,74,"Some College","20","West North Central",260896.0069,"sony"
42567.75214,67,"Less than High School","12","East South Cental",360796.7735,"acer"
128869.3829,80,"4-year college degree","14","East South Cental",176798.7245,"sony"
66686.11996,79,"Less than High School","5","New England",154442.275,"acer"
101498.6335,51,"4-year college degree","17","South Atlantic",40976.76017,"acer"
147025.1387,34,"High School Degree","15","East North Central",10230.19358,"sony"
25022.09904,32,"Some College","12","East North Central",384643.6694,"sony"
53928.48875,58,"High School Degree","7","West North Central",128921.5382,"sony"
79940.35309,48,"High School Degree","10","East North Central",421481.7283,"acer"
42805.61945,26,"Some College","2","Mid-Atlantic",425820.0695,"sony"
31916.28684,76,"Less than High School","17","West South Central",83000.61655,"acer"
138487.2306,28,"4-year college degree","1","South Atlantic",101221.4721,"sony"
106363.9297,55,"Some College","5","Mountain",217769.8818,"acer"
99920.55386,33,"Some College","12","East North Central",421357.8054,"sony"
78758.74395,50,"Some College","5","East North Central",310826.8044,"acer"
113563.5347,69,"Some College","19","Mountain",147182.1118,"sony"
58452.79562,74,"Less than High School","4","Pacific",190933.2034,"acer"
53879.77223,72,"Masters or Doctoral","13","East North Central",5e+05,"acer"
117068.7579,41,"Less than High School","13","Mid-Atlantic",201916.7725,"acer"
50523.13973,21,"High School Degree","18","East North Central",130630.8475,"acer"
145565.4745,58,"Masters or Doctoral","17","East South Cental",348870.6235,"sony"
28021.1512,28,"High School Degree","20","Pacific",222619.8886,"sony"
139681.509,25,"Less than High School","4","West North Central",209683.0137,"sony"
107372.3108,35,"Some College","14","Mountain",204731.291,"sony"
79199.17242,76,"Less than High School","1","East North Central",217386.98,"sony"
38794.98603,41,"Masters or Doctoral","7","Mid-Atlantic",474776.2296,"sony"
134986.2729,21,"High School Degree","10","South Atlantic",73984.7905,"sony"
129545.0425,54,"4-year college degree","13","West South Central",480153.2898,"sony"
109291.2881,24,"Less than High School","15","Pacific",154396.2971,"sony"
90055.83834,58,"Less than High School","13","East North Central",72929.36984,"acer"
28934.35603,21,"Less than High School","15","Mountain",289599.0667,"sony"
127964.0908,40,"High School Degree","3","South Atlantic",190179.0419,"sony"
108930.2412,27,"Less than High School","9","East South Cental",99603.21465,"sony"
138888.6968,56,"High School Degree","2","New England",297317.6168,"sony"
53000.18197,74,"Some College","4","South Atlantic",385649.1696,"acer"
100115.5435,28,"4-year college degree","8","West South Central",396110.5774,"sony"
86119.55739,65,"High School Degree","5","West South Central",362691.7662,"sony"
90014.12211,55,"Some College","3","West North Central",313059.9243,"acer"
31364.77132,32,"Less than High School","19","East South Cental",410253.4312,"sony"
83756.40013,53,"Less than High School","1","West South Central",84801.85703,"acer"
113373.8732,65,"Masters or Doctoral","17","East North Central",5e+05,"sony"
30109.84873,50,"High School Degree","10","East North Central",65751.65169,"sony"
86726.88484,25,"Some College","5","East North Central",139890.9753,"acer"
145652.9439,62,"Some College","17","East North Central",366163.548,"sony"
52143.27984,48,"Some College","17","East South Cental",441352.5756,"sony"
138676.2383,45,"High School Degree","3","New England",41741.21475,"sony"
73373.41052,79,"Less than High School","18","East North Central",44046.1606,"acer"
39987.03995,34,"4-year college degree","16","New England",258198.6882,"sony"
41786.63313,42,"High School Degree","14","West North Central",162383.7961,"sony"
115687.4656,68,"Masters or Doctoral","5","Mountain",5e+05,"sony"
83796.29692,40,"Masters or Doctoral","18","Mid-Atlantic",27265.5771,"acer"
117853.357,59,"High School Degree","19","Mountain",482839.9997,"acer"
140109.3849,73,"Some College","8","New England",242828.5255,"sony"
132359.282,43,"Some College","20","Mid-Atlantic",473869.0042,"sony"
97297.63392,33,"High School Degree","19","New England",186584.3698,"sony"
128639.5068,34,"Some College","2","West South Central",344823.7843,"sony"
117836.7592,78,"4-year college degree","2","West South Central",100762.853,"sony"
126178.6813,55,"4-year college degree","13","Pacific",196694.3948,"sony"
123894.6321,37,"High School Degree","5","East South Cental",163076.8661,"sony"
83055.31475,75,"Some College","12","New England",485839.1724,"sony"
116529.0445,36,"4-year college degree","11","Mountain",1193.209748,"sony"
51430.29843,76,"High School Degree","20","East South Cental",459927.1515,"acer"
146646.865,20,"Less than High School","15","Pacific",0,"sony"
122735.0788,56,"4-year college degree","8","New England",338292.391,"acer"
130336.2392,31,"Some College","6","Mid-Atlantic",414132.2637,"sony"
86583.62494,30,"High School Degree","17","Mid-Atlantic",188101.6828,"acer"
54323.70673,20,"Some College","18","East South Cental",16917.26034,"acer"
82358.66907,64,"High School Degree","17","South Atlantic",491988.1052,"sony"
28723.38541,69,"4-year college degree","1","Pacific",362198.3564,"acer"
100836.3652,25,"Less than High School","12","Pacific",314320.9997,"sony"
124169.2996,79,"Masters or Doctoral","13","New England",261637.3249,"sony"
74685.89831,76,"Some College","17","East North Central",228373.4776,"acer"
94446.07197,57,"Masters or Doctoral","15","South Atlantic",399334.273,"acer"
76734.49961,47,"Less than High School","5","West South Central",35806.9829,"acer"
33288.74272,75,"Less than High School","19","West South Central",29935.17027,"acer"
134296.4469,79,"4-year college degree","6","West North Central",482818.6213,"sony"
28607.92066,62,"Some College","4","West South Central",409247.3203,"acer"
105397.9172,72,"Some College","1","South Atlantic",234885.2467,"sony"
144477.5525,59,"Less than High School","9","East South Cental",42434.94971,"sony"
56372.84279,22,"Less than High School","6","Mountain",267989.6081,"acer"
84643.44393,39,"Less than High School","9","Pacific",68810.64537,"acer"
142845.1561,48,"Masters or Doctoral","12","Pacific",216450.6427,"sony"
145340.0197,75,"Some College","4","West North Central",470740.3451,"sony"
20000,35,"Masters or Doctoral","18","East South Cental",338900.8924,"sony"
76380.49619,63,"Less than High School","5","Mountain",230788.8942,"acer"
132723.1313,34,"Some College","15","Pacific",424368.0166,"sony"
44764.69401,22,"Masters or Doctoral","18","West North Central",31526.98222,"sony"
141343.0707,28,"4-year college degree","11","South Atlantic",57537.54496,"sony"
133214.295,30,"4-year college degree","15","East North Central",203135.561,"sony"
99330.6214,69,"Masters or Doctoral","15","Pacific",155743.1447,"sony"
28517.14079,72,"4-year college degree","8","East North Central",476519.4282,"acer"
68511.66,53,"Masters or Doctoral","14","South Atlantic",328948.145,"sony"
136819.8748,38,"High School Degree","8","New England",115332.7954,"sony"
95722.39689,43,"4-year college degree","14","Mountain",410657.5497,"acer"
136736.6995,63,"Masters or Doctoral","7","East South Cental",100104.7511,"sony"
118903.1106,77,"Less than High School","10","West North Central",5e+05,"sony"
50386.88422,73,"Some College","6","West South Central",153140.8672,"acer"
57293.02557,28,"Masters or Doctoral","3","East North Central",452814.2766,"acer"
95647.28331,63,"Masters or Doctoral","11","New England",463069.2878,"sony"
107910.1801,79,"4-year college degree","12","New England",41436.32993,"sony"
20000,56,"Less than High School","11","East South Cental",180203.7856,"sony"
132834.1475,55,"Masters or Doctoral","17","South Atlantic",450908.7643,"sony"
44912.82117,59,"Some College","8","East South Cental",5e+05,"sony"
88287.27333,53,"4-year college degree","15","South Atlantic",134682.4474,"acer"
77203.16967,56,"Masters or Doctoral","8","New England",397443.3733,"acer"
117703.1123,65,"4-year college degree","6","West North Central",390757.631,"sony"
111225.0562,43,"Some College","7","East South Cental",125921.0882,"acer"
105712.2015,27,"Less than High School","19","Pacific",96414.18793,"sony"
131400.672,24,"Some College","15","South Atlantic",403873.6495,"sony"
95389.8234,56,"4-year college degree","8","East South Cental",22964.48615,"acer"
34666.15681,72,"High School Degree","1","West North Central",258222.3772,"acer"
44755.21331,29,"Less than High School","12","Pacific",432995.3477,"sony"
57426.95051,53,"Some College","13","West South Central",220860.4519,"sony"
87162.42644,61,"Masters or Doctoral","9","South Atlantic",319437.9604,"sony"
88484.53812,64,"Some College","10","West North Central",77319.4463,"sony"
43091.59812,50,"Less than High School","5","New England",319461.4522,"sony"
72403.71017,49,"4-year college degree","8","South Atlantic",60182.33105,"sony"
59988.18544,39,"Masters or Doctoral","19","Mid-Atlantic",154792.0964,"acer"
93426.2711,78,"High School Degree","13","Mountain",367259.9404,"sony"
66035.14024,60,"Less than High School","17","South Atlantic",89620.39571,"acer"
34144.24381,45,"High School Degree","5","West South Central",493494.6784,"sony"
70691.72048,32,"High School Degree","6","West North Central",11907.80624,"acer"
55529.06902,40,"High School Degree","6","New England",126275.3791,"sony"
52359.63994,46,"Masters or Doctoral","10","New England",191444.0998,"sony"
127772.0385,45,"Some College","15","Pacific",284793.0937,"sony"
36319.91777,53,"Less than High School","4","West North Central",299693.5078,"sony"
108008.762,64,"Masters or Doctoral","7","East South Cental",276669.0036,"sony"
139374.3257,64,"Less than High School","19","Pacific",104652.5717,"sony"
23542.10104,24,"Less than High School","5","Mid-Atlantic",118158.9655,"sony"
141269.996,54,"Some College","2","South Atlantic",47839.71399,"sony"
58228.30368,58,"Less than High School","7","West North Central",319673.7295,"sony"
35833.21591,68,"Masters or Doctoral","19","West South Central",157377.7313,"acer"
39168.98571,70,"Some College","1","West South Central",300561.1613,"acer"
45140.62162,27,"4-year college degree","16","West South Central",407883.9782,"sony"
146501.5846,31,"Some College","5","Pacific",417012.4714,"sony"
60851.15412,37,"4-year college degree","13","New England",44055.97797,"acer"
71653.7745,39,"Less than High School","10","New England",302056.0734,"acer"
31058.68048,79,"High School Degree","13","West South Central",244180.8437,"acer"
124182.2054,61,"High School Degree","8","East North Central",2375.816115,"sony"
82611.63352,37,"Some College","9","New England",154667.6584,"acer"
87669.86934,46,"High School Degree","7","East North Central",125894.4935,"acer"
141036.3714,63,"High School Degree","11","West North Central",260210.8978,"sony"
33704.15243,38,"High School Degree","10","Pacific",70887.05469,"sony"
40735.90533,56,"4-year college degree","12","South Atlantic",262067.0812,"sony"
63666.43514,55,"Some College","16","New England",482117.8078,"sony"
68498.16207,74,"High School Degree","7","Pacific",298561.46,"acer"
84172.29614,61,"Masters or Doctoral","7","New England",313220.3559,"sony"
44200.61132,58,"Some College","17","East South Cental",98395.03184,"sony"
78897.96888,47,"Less than High School","18","New England",97767.91802,"acer"
54895.12096,28,"Some College","12","Pacific",317316.6585,"acer"
96214.43064,28,"4-year college degree","3","Pacific",224503.4236,"acer"
37773.4194,78,"Masters or Doctoral","15","East South Cental",300697.9296,"acer"
102999.4466,54,"Some College","10","West North Central",106376.1024,"acer"
133632.2432,38,"Masters or Doctoral","10","East South Cental",0,"sony"
65943.85745,27,"Masters or Doctoral","11","New England",26484.51496,"acer"
57705.52085,67,"Some College","5","East North Central",88278.40571,"acer"
83903.07116,70,"4-year college degree","1","Mid-Atlantic",354700.7549,"sony"
118806.3239,51,"Less than High School","4","South Atlantic",15006.02305,"acer"
46893.96052,55,"4-year college degree","18","New England",279757.7523,"sony"
39006.83934,51,"Less than High School","5","West North Central",240174.4167,"sony"
96402.97922,33,"High School Degree","6","New England",474360.2315,"acer"
20000,28,"Less than High School","11","West North Central",420416.7665,"sony"
141535.6581,73,"Some College","6","East North Central",155872.3027,"sony"
149000.665,23,"High School Degree","20","New England",348996.8482,"sony"
130997.2307,27,"4-year college degree","13","East North Central",276000.1795,"sony"
66712.61922,27,"Masters or Doctoral","5","Mountain",80186.43292,"acer"
27679.12259,26,"Some College","1","East North Central",211072.5842,"sony"
79312.85895,68,"4-year college degree","12","West South Central",115222.4444,"sony"
127832.8678,73,"Less than High School","13","South Atlantic",470137.8503,"sony"
57790.03829,61,"Masters or Doctoral","17","West North Central",9038.107219,"acer"
103525.0508,64,"Masters or Doctoral","11","Mountain",310380.2928,"sony"
82892.80235,78,"Less than High School","16","Pacific",293345.3058,"sony"
147040.1256,69,"Masters or Doctoral","10","West South Central",446379.0536,"sony"
119290.4804,72,"High School Degree","20","Mid-Atlantic",181099.9592,"sony"
40112.83607,75,"Masters or Doctoral","16","West South Central",303531.4103,"acer"
134284.0969,46,"Less than High School","20","South Atlantic",278906.8681,"sony"
124686.9283,51,"High School Degree","5","East South Cental",249693.6084,"acer"
100540.6093,64,"Some College","16","West North Central",133177.6969,"sony"
124230.2074,76,"Masters or Doctoral","14","South Atlantic",321630.8716,"sony"
83958.76512,78,"4-year college degree","5","South Atlantic",339730.6814,"sony"
74036.20418,74,"Some College","3","Mountain",395433.724,"acer"
86157.35007,71,"4-year college degree","17","Pacific",211410.694,"sony"
44856.91024,33,"Some College","4","West North Central",156473.4438,"sony"
77200.28835,79,"Less than High School","11","Mid-Atlantic",25128.95219,"sony"
50068.6463,21,"Less than High School","5","West North Central",473092.8937,"acer"
40211.92689,25,"Less than High School","1","West South Central",158890.8955,"sony"
71326.08357,26,"Masters or Doctoral","8","Pacific",206065.5698,"acer"
87850.95624,57,"4-year college degree","17","East North Central",217156.0051,"acer"
82830.84873,60,"Masters or Doctoral","20","New England",73429.1189,"sony"
109016.2522,63,"4-year college degree","1","West North Central",40301.52623,"sony"
147624.2372,47,"4-year college degree","13","Mountain",181557.2362,"sony"
116295.0957,32,"Masters or Doctoral","12","East South Cental",397705.4134,"sony"
31146.07252,52,"4-year college degree","5","West South Central",93811.42307,"sony"
53074.34481,55,"Masters or Doctoral","3","East North Central",259016.8339,"sony"
123786.3209,71,"4-year college degree","18","East North Central",467006.7777,"sony"
119470.5615,73,"Some College","6","Mid-Atlantic",436554.0966,"sony"
141286.0169,75,"High School Degree","19","Pacific",73494.40574,"sony"
117014.171,71,"High School Degree","5","Pacific",290599.4949,"sony"
103956.6605,20,"Masters or Doctoral","18","New England",491027.4775,"sony"
96133.58446,22,"4-year college degree","3","West South Central",416871.0626,"acer"
97111.51391,31,"Masters or Doctoral","4","Mountain",24093.94054,"acer"
102493.1289,68,"Some College","8","Mid-Atlantic",5099.111953,"sony"
123027.8693,70,"Some College","7","West South Central",409711.8953,"sony"
145256.4968,53,"4-year college degree","19","New England",5e+05,"sony"
63263.86048,55,"Masters or Doctoral","3","East South Cental",327978.3882,"sony"
125489.3163,70,"High School Degree","13","West South Central",322718.5044,"sony"
120496.332,66,"Some College","15","Pacific",276543.4514,"sony"
62120.5281,79,"Less than High School","12","Mid-Atlantic",158647.6214,"acer"
67100.49813,42,"Some College","3","Mountain",105145.1315,"sony"
105971.7848,67,"4-year college degree","6","Pacific",16879.03293,"sony"
148221.1762,49,"4-year college degree","16","West North Central",366404.8325,"sony"
23433.51508,80,"4-year college degree","13","Mid-Atlantic",486033.1844,"sony"
125605.9026,22,"High School Degree","9","East North Central",383843.3372,"sony"
133291.7044,32,"Masters or Doctoral","19","Mid-Atlantic",315589.0136,"sony"
115522.9573,23,"High School Degree","12","Mid-Atlantic",335995.0402,"sony"
146995.4472,74,"High School Degree","5","South Atlantic",220338.7498,"sony"
133062.9627,33,"4-year college degree","8","Mid-Atlantic",426441.1657,"sony"
33928.53302,64,"High School Degree","1","South Atlantic",163372.73,"acer"
99335.08324,76,"Less than High School","11","Mountain",67356.40619,"sony"
143912.3367,58,"Some College","6","East North Central",496768.8558,"sony"
136159.6192,23,"Less than High School","9","Mountain",356010.4248,"sony"
29574.18984,80,"Masters or Doctoral","10","West South Central",98780.07492,"acer"
135340.377,65,"Masters or Doctoral","14","Mid-Atlantic",235715.8281,"sony"
39547.72259,50,"Some College","6","East South Cental",376449.1846,"sony"
132427.8258,28,"Some College","13","South Atlantic",274325.8188,"sony"
95290.07502,71,"Masters or Doctoral","8","Pacific",238274.2233,"sony"
75549.66193,49,"High School Degree","13","South Atlantic",0,"acer"
75449.37662,77,"4-year college degree","13","Mid-Atlantic",314149.7703,"sony"
146871.3928,44,"Masters or Doctoral","7","East North Central",359352.4442,"sony"
43665.19327,67,"Masters or Doctoral","15","Mountain",69608.97121,"acer"
27999.68459,41,"Less than High School","4","Pacific",326615.5263,"sony"
140403.0583,72,"Less than High School","12","Mountain",15471.49455,"sony"
40179.3354,80,"Masters or Doctoral","7","South Atlantic",295693.564,"acer"
129686.9454,80,"Masters or Doctoral","20","Mid-Atlantic",25483.91565,"sony"
61405.2791,67,"Less than High School","5","West South Central",65810.32884,"acer"
24851.93966,58,"Masters or Doctoral","3","East South Cental",47918.60824,"sony"
73822.74999,68,"Masters or Doctoral","10","West South Central",446279.8287,"sony"
48285.13691,43,"Masters or Doctoral","13","South Atlantic",423401.1174,"sony"
142084.7351,54,"Less than High School","11","East South Cental",320437.0068,"sony"
37321.06001,68,"Less than High School","16","Mid-Atlantic",479004.9339,"acer"
88652.41362,80,"4-year college degree","3","East North Central",163339.4214,"sony"
139411.1462,46,"Some College","16","West South Central",275877.3896,"sony"
27996.8206,67,"High School Degree","12","Mountain",199178.6535,"acer"
149309.9057,34,"Some College","9","Pacific",473006.5624,"sony"
60698.94292,43,"High School Degree","2","West North Central",114185.3786,"sony"
139295.7409,24,"Masters or Doctoral","12","West South Central",49878.62395,"sony"
149167.2066,48,"Less than High School","11","New England",50704.85139,"sony"
138354.383,43,"High School Degree","7","Mountain",327912.858,"sony"
142982.5946,72,"High School Degree","16","New England",345914.3287,"sony"
30060.93558,56,"4-year college degree","18","East North Central",105290.786,"sony"
58958.41236,65,"High School Degree","6","New England",410780.4976,"acer"
115337.5907,60,"Masters or Doctoral","13","New England",47145.38422,"sony"
135278.9875,47,"Less than High School","9","West South Central",119291.8617,"sony"
134507.3935,58,"Less than High School","7","East South Cental",367592.2697,"sony"
110681.341,23,"4-year college degree","1","Pacific",412819.8428,"sony"
149470.481,65,"4-year college degree","17","Mountain",99101.67151,"sony"
150000,77,"4-year college degree","9","New England",474816.1619,"sony"
93191.05094,34,"Some College","19","Mountain",229986.5656,"acer"
96224.42298,49,"Less than High School","8","Pacific",349531.1169,"acer"
99114.0912,36,"Masters or Doctoral","10","Mountain",45087.76308,"acer"
69416.26146,76,"Some College","16","Pacific",155204.5864,"acer"
63928.81181,42,"Some College","17","West North Central",368423.5896,"sony"
136633.0475,80,"Masters or Doctoral","2","West South Central",410326.9922,"sony"
121760.9015,79,"Some College","3","South Atlantic",233500.634,"sony"
119980.5613,68,"High School Degree","9","South Atlantic",111315.2651,"sony"
40602.72901,80,"Less than High School","6","West North Central",21983.91114,"acer"
95762.32036,20,"High School Degree","14","Pacific",330384.7117,"acer"
88196.75925,63,"Less than High School","20","Mid-Atlantic",438937.7982,"sony"
67463.3485,54,"4-year college degree","14","West North Central",30974.09736,"sony"
79899.75861,54,"High School Degree","5","Pacific",23757.58866,"acer"
144954.8168,56,"Some College","7","New England",411017.966,"sony"
32441.03715,77,"Less than High School","15","Pacific",295551.2475,"acer"
31936.57727,37,"4-year college degree","6","Mountain",328997.2594,"sony"
22519.40358,33,"High School Degree","2","East South Cental",245298.5627,"sony"
63063.05603,59,"4-year college degree","11","East North Central",117116.5545,"sony"
83975.91387,55,"Masters or Doctoral","6","East North Central",245466.2925,"acer"
52307.73264,67,"Less than High School","10","South Atlantic",0,"acer"
73272.40437,55,"High School Degree","1","East South Cental",233548.6641,"sony"
47054.34942,26,"4-year college degree","10","New England",0,"sony"
67593.98846,64,"Less than High School","16","West South Central",108751.4712,"acer"
91214.57994,38,"High School Degree","6","Mid-Atlantic",315087.5973,"acer"
20000,46,"Masters or Doctoral","18","West South Central",88078.48717,"sony"
20000,28,"4-year college degree","14","Mountain",233706.3161,"sony"
126553.6472,80,"Less than High School","5","East North Central",347892.7484,"sony"
120105.6405,49,"Less than High School","16","Pacific",208362.8026,"acer"
31735.95442,34,"Less than High School","8","East North Central",0,"sony"
27351.35676,76,"Less than High School","13","East North Central",156505.8253,"sony"
141843.2597,49,"Some College","15","East South Cental",180004.2078,"sony"
107506.836,24,"4-year college degree","3","Mountain",74605.0951,"sony"
129541.4469,45,"4-year college degree","6","Mountain",70173.44734,"sony"
102765.4542,20,"Masters or Doctoral","13","East North Central",215241.4605,"sony"
95275.82549,20,"High School Degree","20","East South Cental",302959.8983,"acer"
65687.67255,49,"Some College","4","East North Central",236152.5922,"sony"
126381.698,64,"Masters or Doctoral","13","West North Central",368545.5001,"sony"
139120.3161,43,"Some College","16","East North Central",151041.166,"sony"
56674.99752,39,"Less than High School","11","Pacific",396215.1666,"acer"
140899.2376,25,"Masters or Doctoral","8","West South Central",78929.82577,"sony"
60218.48814,75,"Masters or Doctoral","18","Mid-Atlantic",21955.86518,"acer"
20000,29,"Some College","19","Mid-Atlantic",450154.3659,"sony"
142449.2826,71,"Less than High School","12","Mid-Atlantic",397059.6984,"sony"
73714.7234,47,"4-year college degree","14","West North Central",205404.2498,"sony"
138059.6942,80,"4-year college degree","8","Mountain",5871.453323,"sony"
115929.524,77,"4-year college degree","6","South Atlantic",314920.7425,"sony"
73658.04803,26,"High School Degree","18","Mid-Atlantic",493463.7252,"acer"
38035.05497,20,"High School Degree","7","South Atlantic",261597.3125,"sony"
60804.91149,55,"Less than High School","15","Mountain",352351.0458,"sony"
36709.09523,46,"High School Degree","9","East South Cental",5e+05,"sony"
109424.3881,59,"Masters or Doctoral","1","New England",310215.0743,"acer"
133029.0725,36,"4-year college degree","9","West South Central",167628.7873,"sony"
107511.521,74,"Some College","16","West South Central",10344.83439,"sony"
85655.38904,47,"Less than High School","19","East South Cental",377564.3367,"acer"
20868.52385,29,"4-year college degree","19","South Atlantic",9983.620605,"sony"
69099.32923,70,"High School Degree","19","Mid-Atlantic",166325.7957,"acer"
25140.65715,53,"Masters or Doctoral","13","West South Central",441625.1146,"sony"
99000.9162,65,"Some College","13","West South Central",393360.1228,"sony"
118953.092,54,"Masters or Doctoral","18","Pacific",114907.2983,"acer"
63477.85093,26,"Masters or Doctoral","1","East South Cental",307800.5339,"acer"
107015.4738,74,"Some College","4","South Atlantic",223645.5108,"sony"
124028.2599,63,"4-year college degree","8","West South Central",86702.98354,"sony"
142310.7795,39,"Some College","18","West South Central",475417.6149,"sony"
101515.4655,25,"Less than High School","11","South Atlantic",396538.0491,"sony"
48431.01594,36,"Some College","11","New England",61574.23023,"sony"
86147.61406,40,"Less than High School","11","Mid-Atlantic",116954.9686,"acer"
85212.90472,75,"Less than High School","14","Mountain",79360.27304,"sony"
108440.6197,55,"4-year college degree","20","West South Central",272284.1619,"acer"
118225.1156,62,"Masters or Doctoral","7","Mid-Atlantic",283627.1771,"sony"
139631.4368,56,"4-year college degree","13","West South Central",452319.3146,"sony"
78728.9189,47,"High School Degree","15","East South Cental",303614.0012,"acer"
71687.64849,71,"Less than High School","19","West South Central",193297.6229,"acer"
31178.11608,25,"Masters or Doctoral","17","West South Central",82310.83058,"sony"
71122.16367,48,"4-year college degree","12","South Atlantic",332028.4449,"sony"
65369.73401,74,"Some College","2","East North Central",345884.3226,"acer"
131722.701,75,"Masters or Doctoral","7","New England",146477.7015,"sony"
43982.1973,70,"Less than High School","3","West South Central",358287.7931,"acer"
143120.1484,26,"Some College","1","Mountain",71704.1331,"sony"
117281.0645,61,"Some College","13","East South Cental",463631.2206,"sony"
74971.5294,46,"High School Degree","2","East North Central",51544.64446,"sony"
91605.01736,35,"High School Degree","4","West South Central",69164.17508,"acer"
78659.45664,34,"Some College","1","New England",197830.1364,"acer"
45824.85407,80,"4-year college degree","4","South Atlantic",356649.4932,"acer"
99035.18668,48,"Masters or Doctoral","2","South Atlantic",383528.1533,"acer"
108220.4763,58,"4-year college degree","18","East North Central",441119.7615,"acer"
106002.3768,26,"High School Degree","10","New England",495268.1252,"sony"
77462.64322,31,"High School Degree","11","Mountain",499642.9676,"acer"
58277.40829,71,"Masters or Doctoral","11","South Atlantic",336659.9016,"acer"
38274.02728,74,"4-year college degree","14","Mid-Atlantic",455865.2206,"acer"
50637.77683,72,"Some College","3","West South Central",403270.9977,"acer"
119039.7633,70,"Some College","4","Pacific",90896.48211,"sony"
69230.62509,27,"Less than High School","17","South Atlantic",288923.8889,"acer"
90028.97488,60,"4-year college degree","17","East South Cental",217164.9946,"acer"
24742.82014,47,"High School Degree","12","East South Cental",181763.793,"sony"
71452.2358,59,"Less than High School","9","East North Central",257051.0711,"sony"
140760.8363,55,"4-year college degree","6","Mid-Atlantic",318285.6788,"sony"
36649.89342,71,"Less than High School","17","East North Central",336358.4876,"acer"
49005.04885,59,"High School Degree","18","West South Central",190466.5908,"sony"
93015.48671,50,"High School Degree","7","South Atlantic",125974.0018,"acer"
49079.00854,45,"Some College","10","West North Central",165531.8286,"sony"
133791.7803,49,"Less than High School","20","West North Central",461142.7392,"sony"
59827.41466,20,"Masters or Doctoral","3","West South Central",171977.9957,"acer"
122421.8053,62,"High School Degree","1","Pacific",324262.0496,"sony"
68098.54624,61,"Less than High School","9","East North Central",264449.0278,"acer"
47724.60327,45,"High School Degree","11","Mid-Atlantic",464824.1462,"sony"
85848.12282,48,"Less than High School","6","Mid-Atlantic",369954.5314,"acer"
68993.98667,78,"4-year college degree","20","East South Cental",220040.3876,"acer"
92682.4014,20,"High School Degree","15","Mountain",419822.5549,"acer"
120211.0137,74,"Masters or Doctoral","5","Mountain",91715.96133,"sony"
94786.07618,50,"High School Degree","10","West North Central",193383.5067,"acer"
94414.29992,37,"High School Degree","16","West North Central",265306.7934,"acer"
118952.3692,33,"Masters or Doctoral","7","East South Cental",259298.3569,"sony"
125905.3125,80,"Some College","1","Mid-Atlantic",0,"sony"
73995.03224,57,"Masters or Doctoral","7","East North Central",289331.3602,"acer"
21763.34827,36,"Less than High School","2","East North Central",289439.1693,"sony"
90421.00614,44,"Masters or Doctoral","10","East South Cental",499474.7771,"acer"
50451.51424,52,"Some College","17","Pacific",295827.0466,"sony"
94545.01388,27,"4-year college degree","2","East North Central",421131.3217,"acer"
82811.88034,61,"Less than High School","7","Pacific",79527.72416,"sony"
67270.98203,73,"4-year college degree","3","West South Central",16420.84359,"acer"
132773.0258,24,"4-year college degree","5","West South Central",400782.3065,"sony"
100253.5435,72,"Masters or Doctoral","13","East North Central",304837.736,"sony"
124659.1081,76,"Some College","3","East North Central",459075.8276,"sony"
112019.6108,59,"Masters or Doctoral","1","East North Central",81740.75535,"acer"
80235.32528,37,"Less than High School","2","South Atlantic",37767.33651,"acer"
101611.9276,78,"4-year college degree","16","East South Cental",107746.749,"sony"
121416.9995,68,"Some College","2","Mid-Atlantic",37567.09109,"sony"
101555.2775,26,"High School Degree","2","Mid-Atlantic",401579.946,"sony"
63943.10126,57,"4-year college degree","14","Pacific",107384.1802,"sony"
124144.7664,47,"Some College","7","Mid-Atlantic",414808.805,"acer"
120162.4022,36,"Less than High School","10","Mid-Atlantic",179329.8071,"sony"
72095.68092,20,"Some College","17","Pacific",21981.16486,"acer"
61713.66489,61,"Some College","7","West North Central",235274.9985,"acer"
20000,46,"Some College","15","East North Central",119997.1385,"sony"
77877.71665,66,"Less than High School","8","Pacific",486976.3999,"sony"
112290.6919,25,"Less than High School","3","South Atlantic",182672.7863,"sony"
136513.5877,24,"Some College","13","Pacific",137840.8115,"sony"
150000,75,"Masters or Doctoral","13","West North Central",235041.3278,"sony"
67472.45768,55,"High School Degree","17","Mid-Atlantic",321967.8008,"sony"
24256.16646,44,"Masters or Doctoral","15","East South Cental",125429.0475,"sony"
39607.9904,60,"4-year college degree","5","East North Central",27550.09026,"acer"
25906.27103,28,"Some College","2","East North Central",15185.14967,"sony"
47814.87151,28,"Less than High School","13","West South Central",339042.0759,"sony"
30628.50823,31,"Masters or Doctoral","12","West North Central",360195.4706,"sony"
66953.87812,66,"4-year college degree","9","East North Central",69887.52071,"acer"
39169.97787,26,"Masters or Doctoral","6","Pacific",214654.3009,"sony"
33530.93412,54,"High School Degree","12","Mid-Atlantic",177643.3591,"sony"
134503.0592,75,"Some College","17","West South Central",366905.831,"sony"
66027.89513,51,"High School Degree","19","West South Central",85339.59965,"sony"
129727.7399,41,"Masters or Doctoral","3","West South Central",330638.4809,"sony"
74532.57496,26,"Masters or Doctoral","14","New England",339172.3174,"acer"
39320.19093,31,"Less than High School","17","East North Central",185276.1961,"sony"
45873.72536,27,"Less than High School","12","Pacific",368189.8552,"sony"
97042.08403,71,"Masters or Doctoral","11","South Atlantic",442397.9033,"sony"
110643.2383,58,"High School Degree","8","New England",439619.1621,"acer"
139434.6277,77,"High School Degree","13","East North Central",31448.04398,"sony"
83473.63254,69,"High School Degree","3","New England",357757.1223,"sony"
91967.24561,74,"Less than High School","9","West South Central",140187.4037,"sony"
67550.03768,64,"Less than High School","9","East South Cental",480523.7307,"acer"
77002.4323,77,"Less than High School","13","New England",187384.1365,"sony"
100550.7702,49,"4-year college degree","10","East North Central",428567.1318,"acer"
92753.03938,20,"Some College","1","New England",137804.0384,"acer"
133413.0836,62,"High School Degree","13","Pacific",454775.8034,"sony"
109175.9547,75,"Masters or Doctoral","7","Pacific",75996.94868,"sony"
133695.8084,68,"Some College","15","Pacific",344837.9347,"sony"
31639.18213,24,"Some College","3","Mountain",226789.1969,"sony"
33777.82198,46,"Masters or Doctoral","15","East South Cental",299446.0624,"sony"
68785.1395,78,"Masters or Doctoral","3","West North Central",128098.1871,"acer"
144679.3276,73,"Less than High School","5","Mountain",310276.8614,"sony"
96349.97719,59,"Masters or Doctoral","13","West South Central",38885.74004,"acer"
22051.86456,78,"Less than High School","7","Mountain",357903.5685,"acer"
94074.93105,36,"High School Degree","8","East North Central",449423.2977,"acer"
62148.34405,28,"Some College","1","East South Cental",26859.67988,"acer"
25481.64956,56,"Less than High School","13","South Atlantic",111871.4925,"sony"
97285.20001,53,"Masters or Doctoral","1","Pacific",244133.2797,"acer"
80155.67568,41,"Less than High School","10","East South Cental",434647.3843,"acer"
101054.6407,78,"High School Degree","7","West South Central",417051.609,"sony"
106968.9554,45,"Masters or Doctoral","19","New England",389657.1877,"acer"
142004.8891,32,"4-year college degree","16","Mountain",116536.4227,"sony"
91748.30373,44,"Some College","12","West South Central",193884.6514,"acer"
42058.43291,70,"High School Degree","10","East North Central",473623.1307,"acer"
68532.95194,74,"4-year college degree","11","Pacific",110691.7019,"acer"
82346.07467,31,"High School Degree","1","West South Central",111361.9433,"acer"
129747.6633,75,"4-year college degree","16","South Atlantic",74062.45791,"sony"
37267.47553,57,"Masters or Doctoral","8","West South Central",464634.6594,"sony"
81765.55177,63,"Less than High School","7","West South Central",443724.4288,"sony"
28370.24636,31,"4-year college degree","5","South Atlantic",68153.03218,"sony"
91236.2604,40,"High School Degree","19","South Atlantic",464451.7991,"acer"
135893.5316,72,"4-year college degree","1","New England",211774.9877,"sony"
28587.68195,63,"Masters or Doctoral","9","West South Central",383127.56,"acer"
143013.3926,75,"Masters or Doctoral","19","West South Central",465442.5715,"sony"
69922.45607,20,"4-year college degree","20","New England",344522.9834,"acer"
63216.23526,65,"Less than High School","10","West North Central",2159.499146,"acer"
70184.79401,25,"4-year college degree","13","Pacific",494974.568,"acer"
71476.18211,56,"Masters or Doctoral","1","East North Central",42650.79703,"sony"
85959.56578,41,"Some College","5","West South Central",14888.97539,"acer"
35603.85225,34,"Some College","17","West North Central",389704.3699,"sony"
128142.5385,40,"4-year college degree","12","East South Cental",0,"sony"
140237.0935,20,"Less than High School","14","East North Central",92319.07046,"sony"
105488.5931,71,"4-year college degree","13","East North Central",168788.4497,"sony"
102306.8579,50,"Some College","2","New England",417509.3204,"acer"
54682.17665,35,"Less than High School","19","South Atlantic",108682.0747,"acer"
135197.8139,68,"Some College","17","Pacific",243287.7349,"sony"
145450.3436,33,"Some College","10","East South Cental",131961.3604,"sony"
78250.89095,35,"Masters or Doctoral","19","Mid-Atlantic",472502.745,"acer"
29587.62207,80,"Masters or Doctoral","18","West South Central",388762.548,"acer"
56572.66753,42,"4-year college degree","19","South Atlantic",92007.39852,"sony"
148692.8458,40,"4-year college degree","10","Pacific",105549.263,"sony"
70553.30297,71,"Less than High School","7","South Atlantic",281309.3162,"acer"
90661.77587,49,"4-year college degree","8","Pacific",246820.9497,"acer"
139274.9289,37,"High School Degree","6","East South Cental",224154.8607,"sony"
42223.96334,52,"Some College","11","West South Central",376177.3004,"sony"
92920.38719,79,"High School Degree","2","East South Cental",88405.46129,"sony"
121807.2701,42,"Less than High School","20","East North Central",83143.65791,"acer"
121626.2925,76,"Less than High School","14","New England",320342.6629,"sony"
37342.47565,26,"Less than High School","4","Pacific",457099.3919,"sony"
44138.72848,67,"Masters or Doctoral","4","South Atlantic",332151.3991,"acer"
129634.0365,50,"Less than High School","12","Mountain",143755.8826,"sony"
148736.3121,44,"4-year college degree","19","East South Cental",152543.6416,"sony"
60027.33259,45,"Some College","14","Mid-Atlantic",208623.6313,"sony"
65120.2267,30,"4-year college degree","13","Pacific",201534.6487,"acer"
127810.1261,76,"Some College","10","New England",335513.0778,"sony"
47045.1734,40,"Some College","4","New England",92166.54095,"sony"
127892.9405,67,"Less than High School","12","New England",322070.7868,"sony"
60023.69956,32,"Some College","7","Mid-Atlantic",127039.8762,"acer"
89957.94356,37,"4-year college degree","20","South Atlantic",8683.661752,"acer"
116372.9287,49,"Masters or Doctoral","8","East South Cental",379338.4821,"acer"
129832.48,43,"Masters or Doctoral","17","Mountain",301515.2515,"sony"
73637.06985,67,"High School Degree","14","Pacific",175537.4995,"acer"
65801.19177,36,"4-year college degree","4","East North Central",253767.6314,"acer"
140683.6304,41,"Masters or Doctoral","9","West North Central",35159.16032,"sony"
48874.50751,35,"Masters or Doctoral","1","East North Central",99047.65765,"sony"
120430.0311,29,"4-year college degree","6","New England",369745.0878,"sony"
129356.5299,46,"Masters or Doctoral","5","Mid-Atlantic",124310.2638,"sony"
91011.79006,66,"High School Degree","7","West South Central",352916.4017,"sony"
64060.42223,27,"Masters or Doctoral","3","West North Central",315223.4761,"acer"
105921.3563,24,"4-year college degree","12","East South Cental",214979.9221,"sony"
99767.68615,35,"4-year college degree","3","East North Central",418235.2525,"sony"
34561.11664,35,"4-year college degree","1","Mid-Atlantic",41777.94511,"sony"
132815.0338,49,"Masters or Doctoral","3","West North Central",347580.2894,"sony"
124958.6191,77,"Less than High School","15","Pacific",59936.24338,"sony"
95321.65824,54,"High School Degree","9","West North Central",106877.5946,"acer"
38520.38884,69,"Masters or Doctoral","19","East North Central",324860.0023,"acer"
118644.5588,31,"Some College","15","East South Cental",406063.3396,"sony"
59895.85661,27,"High School Degree","3","East South Cental",242868.6991,"acer"
41736.06897,38,"Less than High School","19","Mid-Atlantic",492094.3984,"sony"
26709.06156,72,"Less than High School","1","East South Cental",456974.2306,"acer"
58948.5996,43,"Less than High School","12","Mid-Atlantic",206491.6369,"sony"
48101.18572,75,"4-year college degree","2","Mountain",144272.8544,"acer"
120026.6336,20,"4-year college degree","1","New England",157551.6504,"sony"
149142.3679,56,"High School Degree","3","Mid-Atlantic",349297.9786,"sony"
113156.2899,36,"High School Degree","10","East North Central",465816.4345,"sony"
73273.87455,72,"High School Degree","14","Pacific",245235.2441,"acer"
127905.2199,55,"4-year college degree","5","New England",262522.3224,"sony"
88058.16709,46,"High School Degree","20","Mid-Atlantic",263299.421,"acer"
60259.85363,32,"4-year college degree","2","West South Central",284728.1677,"acer"
65044.63954,69,"High School Degree","18","West North Central",479522.687,"acer"
66552.75597,79,"Some College","17","Pacific",116927.113,"acer"
47647.27516,63,"Less than High School","4","West North Central",343390.8921,"acer"
143773.1957,53,"Some College","3","East South Cental",430551.2134,"sony"
30877.50287,51,"High School Degree","6","West South Central",213999.7425,"sony"
141353.3992,48,"Some College","8","East South Cental",192256.3548,"sony"
138185.8462,61,"4-year college degree","17","East North Central",284711.9371,"sony"
42579.66712,34,"Masters or Doctoral","3","West North Central",392029.5012,"sony"
64199.73586,76,"Less than High School","10","East North Central",292283.4052,"acer"
150000,73,"Less than High School","19","West South Central",190469.6991,"sony"
28250.92253,54,"Less than High School","15","New England",356554.7728,"sony"
79095.42995,65,"Less than High School","7","West South Central",350724.0177,"sony"
61438.30397,73,"Some College","4","West North Central",187089.6797,"acer"
150000,38,"Some College","2","East North Central",78666.23627,"sony"
88090.61309,71,"4-year college degree","4","Mid-Atlantic",66374.65354,"sony"
132677.9011,33,"Less than High School","20","Mid-Atlantic",470087.0751,"sony"
73996.89024,35,"Masters or Doctoral","1","South Atlantic",59235.67276,"acer"
126426.5621,77,"High School Degree","5","New England",449262.6432,"sony"
47481.16778,80,"High School Degree","1","Mid-Atlantic",159547.3419,"acer"
52724.08134,63,"High School Degree","11","Mountain",23786.41431,"acer"
38163.67259,79,"Masters or Doctoral","4","Pacific",357990.1893,"acer"
107964.7253,23,"Less than High School","14","New England",307275.0033,"sony"
39867.58689,63,"Some College","3","East South Cental",297107.5707,"acer"
66301.64993,36,"Some College","7","West North Central",26874.5496,"acer"
131505.5812,27,"4-year college degree","2","South Atlantic",424886.6186,"sony"
34935.08712,68,"High School Degree","1","West North Central",282746.5202,"acer"
77941.25718,43,"4-year college degree","20","South Atlantic",448350.6442,"acer"
28001.20344,52,"4-year college degree","4","Pacific",57272.48285,"sony"
92220.40145,77,"High School Degree","8","West South Central",334287.6987,"sony"
105510.5664,37,"Masters or Doctoral","6","Mid-Atlantic",214383.0109,"sony"
100628.0173,58,"4-year college degree","1","New England",282254.4457,"acer"
37131.71309,44,"Some College","17","West South Central",22410.91637,"sony"
54913.74055,80,"High School Degree","5","East North Central",286696.1403,"acer"
106013.9979,55,"Less than High School","15","Mountain",430927.2805,"acer"
99268.79343,50,"4-year college degree","11","East North Central",445088.8499,"acer"
43491.17516,76,"Less than High School","6","South Atlantic",118002.3614,"acer"
86681.13938,31,"Some College","2","Pacific",114910.904,"acer"
60255.14171,23,"Less than High School","3","East South Cental",278284.4804,"acer"
104551.1768,20,"Masters or Doctoral","17","West North Central",477384.8425,"sony"
94529.0828,63,"Masters or Doctoral","8","New England",341396.6649,"sony"
75519.10123,52,"Less than High School","6","Mountain",367258.6103,"sony"
49360.91256,49,"High School Degree","14","New England",311615.6636,"sony"
42864.75816,30,"Less than High School","6","East North Central",51189.29673,"sony"
69550.93264,42,"4-year college degree","17","West North Central",199237.5357,"sony"
69247.05965,62,"Some College","2","West South Central",63198.20603,"acer"
100434.6828,35,"High School Degree","18","South Atlantic",429705.4228,"sony"
116342.5232,49,"High School Degree","8","West South Central",391053.7791,"acer"
131798.3912,53,"High School Degree","9","Mountain",439391.1603,"sony"
145807.6852,32,"High School Degree","11","East North Central",399150.9944,"sony"
23374.80455,53,"Some College","2","Mountain",203711.8182,"sony"
28928.7915,44,"Less than High School","3","East South Cental",130392.0263,"sony"
136691.2472,53,"Masters or Doctoral","19","West North Central",200929.3309,"sony"
80430.96133,41,"High School Degree","3","West North Central",474302.6838,"acer"
145794.9716,78,"Some College","20","Mountain",268456.572,"sony"
93024.34832,61,"4-year college degree","12","Mid-Atlantic",3401.796684,"sony"
145051.6996,35,"Masters or Doctoral","18","Mountain",90487.77614,"sony"
106529.1892,79,"High School Degree","2","East North Central",268936.9942,"sony"
109988.6332,79,"Some College","17","Pacific",477065.5138,"sony"
141456.9376,51,"Some College","8","West South Central",456088.7889,"sony"
135208.418,37,"4-year college degree","13","West North Central",276739.1801,"sony"
115880.802,62,"4-year college degree","8","West South Central",382924.9661,"sony"
71803.01394,65,"High School Degree","14","West North Central",27456.40765,"acer"
109574.5254,66,"High School Degree","19","New England",414366.6303,"sony"
74420.67811,53,"4-year college degree","7","Mountain",35201.59032,"sony"
136148.7808,57,"Masters or Doctoral","18","South Atlantic",105655.5031,"sony"
72758.63465,35,"Masters or Doctoral","4","East North Central",413268.807,"acer"
51942.09795,56,"High School Degree","19","South Atlantic",243818.897,"sony"
62196.77282,25,"Masters or Doctoral","9","West South Central",88660.73437,"acer"
36698.90048,28,"Masters or Doctoral","1","East North Central",70476.15143,"sony"
23905.30302,75,"Masters or Doctoral","9","Pacific",139004.2975,"acer"
140918.7751,37,"Masters or Doctoral","5","East North Central",367644.9645,"sony"
141911.2609,24,"High School Degree","9","Mountain",289701.9178,"sony"
82453.11384,76,"Masters or Doctoral","3","Mountain",172647.2926,"sony"
139572.6104,25,"Masters or Doctoral","13","East South Cental",376709.347,"sony"
128464.7759,24,"Less than High School","1","New England",423140.4066,"sony"
123578.7422,59,"Less than High School","15","Mountain",444413.9235,"sony"
78838.5601,31,"Less than High School","3","East South Cental",128409.3082,"acer"
53979.27866,58,"Less than High School","2","West North Central",292188.9852,"sony"
75781.5463,74,"4-year college degree","13","West North Central",448358.2312,"acer"
130811.1408,75,"4-year college degree","9","South Atlantic",5e+05,"sony"
102537.5612,72,"4-year college degree","13","East South Cental",203314.661,"sony"
118269.5455,24,"Some College","9","West North Central",185514.0876,"sony"
100371.2066,54,"4-year college degree","3","Mid-Atlantic",372114.5502,"acer"
102175.476,53,"Some College","14","Mountain",41121.56971,"acer"
55284.20195,69,"Masters or Doctoral","8","Mountain",255692.4425,"acer"
118319.0936,48,"Masters or Doctoral","7","Mountain",318761.708,"acer"
107904.0039,59,"Some College","6","Mid-Atlantic",43107.57158,"acer"
32307.70015,28,"High School Degree","5","East North Central",283941.1068,"sony"
101888.5392,63,"4-year college degree","16","East South Cental",42942.12813,"sony"
104764.3481,40,"Some College","2","West North Central",2804.338032,"acer"
84105.16083,52,"High School Degree","6","South Atlantic",227422.7609,"acer"
50161.21107,30,"Less than High School","14","New England",167170.4758,"sony"
43589.68223,43,"4-year college degree","2","East North Central",84588.00698,"sony"
52244.61715,27,"Less than High School","10","Mountain",415296.008,"acer"
52015.61915,25,"4-year college degree","2","Mountain",238313.3406,"acer"
36844.64533,80,"4-year college degree","5","Pacific",90192.14151,"acer"
141809.0755,69,"4-year college degree","14","West South Central",408780.4529,"sony"
131655.4229,50,"4-year college degree","17","Mid-Atlantic",208901.8149,"sony"
122349.8585,64,"Some College","20","West South Central",488700.2316,"sony"
58917.54839,73,"Masters or Doctoral","9","East North Central",37282.81253,"acer"
83943.81689,20,"Masters or Doctoral","9","New England",279738.9538,"acer"
72430.90459,24,"Some College","7","Mid-Atlantic",453569.8135,"acer"
101182.9568,26,"Some College","8","Mountain",146468.5968,"sony"
111283.526,77,"High School Degree","17","Mountain",475738.2734,"sony"
101592.893,47,"Some College","19","Pacific",352877.9464,"acer"
112924.0366,44,"High School Degree","8","East South Cental",297975.0074,"acer"
35465.485,66,"4-year college degree","3","West South Central",402904.9839,"acer"
24783.35813,56,"High School Degree","6","Mid-Atlantic",252561.5938,"sony"
141607.623,21,"Less than High School","12","South Atlantic",455923.986,"sony"
150000,56,"High School Degree","6","Mountain",375320.7966,"sony"
36532.48227,51,"Masters or Doctoral","15","South Atlantic",438115.2064,"sony"
50366.0859,46,"Less than High School","2","South Atlantic",406552.1236,"sony"
103835.2944,45,"Some College","13","Mid-Atlantic",0,"acer"
88808.05074,65,"4-year college degree","15","West North Central",251387.4229,"sony"
29717.91049,71,"4-year college degree","16","East South Cental",80537.4643,"acer"
27044.57826,32,"Masters or Doctoral","8","South Atlantic",85687.4185,"sony"
142067.9194,33,"Less than High School","8","New England",335993.0956,"sony"
45305.19274,46,"Less than High School","11","Mid-Atlantic",145445.9465,"sony"
75734.29273,69,"High School Degree","12","Mountain",78499.42319,"sony"
145112.3853,73,"Masters or Doctoral","3","Pacific",15798.23115,"sony"
106729.9279,54,"High School Degree","20","Mountain",370537.6494,"acer"
82493.35559,54,"High School Degree","4","East North Central",465963.0028,"acer"
24723.05471,57,"High School Degree","16","West South Central",159074.8914,"sony"
76260.54528,43,"Less than High School","2","East South Cental",12807.45199,"acer"
57619.44899,68,"Some College","20","South Atlantic",353220.0405,"acer"
68453.73705,66,"Masters or Doctoral","8","West South Central",454830.3406,"acer"
52913.30218,26,"Masters or Doctoral","8","East North Central",279986.3137,"acer"
77989.59079,30,"Masters or Doctoral","2","South Atlantic",349815.92,"acer"
89063.6667,51,"Masters or Doctoral","17","New England",496693.4379,"acer"
121123.2912,74,"Less than High School","2","West North Central",304850.4239,"sony"
39744.60567,64,"Some College","12","Mid-Atlantic",418202.0434,"acer"
116909.1403,20,"Some College","19","East South Cental",133782.1485,"sony"
100537.8248,25,"4-year college degree","1","Pacific",80701.82857,"sony"
93751.40997,54,"Masters or Doctoral","10","Pacific",202234.3566,"acer"
90922.3866,76,"Some College","17","West North Central",46759.12062,"sony"
131857.4844,37,"Less than High School","1","New England",414849.6129,"sony"
56214.09977,40,"Masters or Doctoral","9","East South Cental",373785.6079,"sony"
81107.66001,38,"4-year college degree","17","West South Central",169078.5909,"acer"
62361.92765,27,"Some College","2","Mid-Atlantic",355235.4282,"acer"
110472.5164,78,"4-year college degree","3","West North Central",98067.79268,"sony"
140791.0151,45,"Some College","18","Mountain",103943.7919,"sony"
76011.31057,34,"Less than High School","20","South Atlantic",386751.3109,"acer"
39548.11404,60,"Masters or Doctoral","7","Mid-Atlantic",337215.2844,"acer"
134750.3227,41,"Some College","19","South Atlantic",350465.3708,"sony"
97963.55347,55,"Masters or Doctoral","16","East South Cental",191280.5483,"acer"
97175.11115,62,"Masters or Doctoral","19","West North Central",360085.9847,"sony"
94012.37288,78,"4-year college degree","19","East North Central",499617.2122,"sony"
23241.92441,34,"Masters or Doctoral","1","West South Central",3454.241618,"sony"
69145.4838,47,"Masters or Doctoral","14","East South Cental",387909.6448,"sony"
25384.07504,29,"4-year college degree","15","Pacific",274712.9776,"sony"
72434.34017,62,"4-year college degree","15","Mid-Atlantic",382323.2881,"acer"
141553.2447,40,"Some College","11","East North Central",103832.5432,"sony"
136716.3372,35,"High School Degree","7","East South Cental",405207.8807,"sony"
26468.529,52,"High School Degree","16","Pacific",234574.7515,"sony"
86318.10194,41,"High School Degree","14","South Atlantic",337993.8126,"acer"
136977.7006,36,"Masters or Doctoral","9","West South Central",164364.0582,"sony"
150000,32,"Some College","4","Mountain",204987.9257,"sony"
133497.2327,76,"Some College","16","Pacific",229260.8622,"sony"
102955.3141,67,"High School Degree","2","East North Central",149646.8885,"sony"
114283.1577,59,"Masters or Doctoral","3","New England",478563.5241,"acer"
81551.82406,65,"Less than High School","13","Pacific",218809.4222,"sony"
52732.30612,25,"4-year college degree","13","New England",15751.89216,"acer"
37916.40299,68,"4-year college degree","18","West North Central",25216.98972,"acer"
130990.9711,35,"Less than High School","4","New England",83019.45794,"sony"
150000,47,"High School Degree","4","East South Cental",160053.5534,"sony"
43801.65003,43,"Some College","8","East North Central",15337.17014,"sony"
67471.22737,32,"Some College","6","New England",393472.8652,"acer"
100940.1406,52,"High School Degree","12","South Atlantic",426437.1116,"acer"
55386.0723,65,"Masters or Doctoral","17","Pacific",376788.8433,"acer"
37620.29771,35,"Masters or Doctoral","9","New England",12594.33626,"sony"
139352.191,63,"Less than High School","4","West North Central",148610.4239,"sony"
29948.80765,54,"High School Degree","17","West North Central",218626.8802,"sony"
83984.59055,26,"Less than High School","15","New England",251701.3223,"acer"
142475.0343,46,"Less than High School","18","New England",206400.6106,"sony"
64465.57457,77,"High School Degree","18","West North Central",87808.48698,"acer"
147327.1024,62,"High School Degree","13","Mountain",19738.49574,"sony"
125296.8506,77,"4-year college degree","20","South Atlantic",332720.8574,"sony"
42185.98184,53,"Less than High School","16","West North Central",231132.3438,"sony"
54545.02375,20,"4-year college degree","20","New England",137966.3636,"acer"
102646.7695,58,"4-year college degree","18","Mid-Atlantic",225905.1417,"acer"
39076.07951,65,"4-year college degree","16","South Atlantic",103360.5409,"acer"
142158.162,42,"4-year college degree","8","South Atlantic",149063.1285,"sony"
106954.0245,35,"Masters or Doctoral","17","East South Cental",156633.8293,"sony"
25406.27426,22,"High School Degree","11","East South Cental",127685.2047,"sony"
27352.77416,68,"High School Degree","17","Pacific",406955.4849,"acer"
37343.66664,51,"Masters or Doctoral","3","Mid-Atlantic",300837.5102,"sony"
118306.5142,34,"Some College","11","South Atlantic",74986.67311,"sony"
101419.0922,37,"Less than High School","1","South Atlantic",373081.9731,"sony"
80871.54791,59,"High School Degree","5","Mountain",47924.59338,"acer"
20000,39,"Less than High School","3","West South Central",229223.9263,"sony"
85242.30841,49,"High School Degree","16","East South Cental",356308.8982,"acer"
20000,69,"Some College","18","East North Central",292311.8769,"sony"
69324.19747,80,"Some College","2","South Atlantic",31749.81052,"acer"
69157.45585,77,"Masters or Doctoral","19","New England",437854.5781,"acer"
51176.04591,38,"Less than High School","11","West South Central",135948.101,"sony"
109508.3855,26,"Masters or Doctoral","17","Mountain",304631.6637,"sony"
52929.79279,52,"Masters or Doctoral","20","South Atlantic",284943.1038,"sony"
134325.2429,35,"High School Degree","3","East North Central",103656.4648,"sony"
37571.18584,78,"Some College","20","East South Cental",275451.5049,"acer"
75549.09653,61,"Masters or Doctoral","6","West South Central",457016.3313,"acer"
133723.4444,49,"4-year college degree","17","Mid-Atlantic",42532.57291,"sony"
143413.4518,72,"High School Degree","20","South Atlantic",221091.6325,"sony"
85325.99064,27,"High School Degree","5","East North Central",393789.8876,"acer"
46346.32987,69,"High School Degree","15","West North Central",174097.073,"acer"
112888.5745,67,"Masters or Doctoral","4","Pacific",203435.7807,"sony"
143662.9174,24,"Masters or Doctoral","20","East South Cental",334000.9763,"sony"
58885.14585,52,"Masters or Doctoral","19","West North Central",236830.7015,"sony"
53315.85162,30,"Masters or Doctoral","1","Mountain",127995.7369,"acer"
71377.82836,30,"4-year college degree","17","Pacific",402268.5538,"acer"
88539.59811,77,"Masters or Doctoral","4","Mountain",293494.7324,"sony"
65372.30978,70,"Masters or Doctoral","15","New England",382876.2868,"acer"
48242.65103,68,"Less than High School","12","West North Central",269889.4182,"acer"
97925.94272,45,"4-year college degree","18","New England",143984.8561,"acer"
134696.2011,70,"Less than High School","4","East South Cental",230101.1682,"sony"
36393.01726,21,"Masters or Doctoral","2","New England",313658.4083,"sony"
112616.3241,39,"Less than High School","7","South Atlantic",234322.4881,"sony"
100138.7228,75,"High School Degree","3","West North Central",197941.7497,"sony"
34820.20609,63,"Less than High School","17","West North Central",314080.5393,"acer"
129578.7046,72,"Masters or Doctoral","7","South Atlantic",451826.7264,"sony"
57861.57609,26,"Less than High School","17","Mid-Atlantic",441808.2908,"acer"
39803.43196,26,"Masters or Doctoral","19","Mountain",149669.2078,"sony"
142168.9343,65,"4-year college degree","10","Pacific",73660.79722,"sony"
51444.5133,43,"High School Degree","16","West South Central",186909.98,"sony"
35449.8942,61,"Some College","4","East South Cental",68136.14685,"acer"
106886.515,53,"High School Degree","7","West North Central",405434.2874,"acer"
36231.63896,63,"High School Degree","7","East South Cental",216594.1243,"acer"
148870.7311,59,"Some College","8","Mountain",448220.4003,"sony"
56001.20672,52,"Some College","16","West South Central",107293.2183,"sony"
62143.03189,45,"Less than High School","18","Mountain",463572.6825,"sony"
150000,25,"Masters or Doctoral","18","West South Central",427811.6304,"sony"
62272.05745,56,"Some College","7","East North Central",332641.5521,"sony"
150000,32,"Some College","1","Pacific",263079.8437,"sony"
112868.9024,70,"Masters or Doctoral","1","East South Cental",158124.8587,"sony"
57902.69834,61,"Less than High School","18","East North Central",373039.9074,"acer"
100739.4185,58,"Some College","3","East North Central",173432.2536,"acer"
48465.78211,66,"High School Degree","19","East South Cental",471601.7364,"acer"
51197.52681,35,"Less than High School","18","Mountain",182594.3844,"acer"
70377.31367,42,"High School Degree","15","West South Central",112292.6761,"sony"
108093.8475,28,"High School Degree","11","Mountain",181442.9782,"sony"
100105.7854,46,"4-year college degree","10","West North Central",355197.4571,"acer"
103479.5071,25,"Less than High School","7","Mountain",5e+05,"sony"
77115.81041,46,"4-year college degree","15","East North Central",62565.82382,"acer"
36946.10198,46,"4-year college degree","1","Mid-Atlantic",222460.3968,"sony"
103599.7064,35,"4-year college degree","1","Mid-Atlantic",211744.3992,"sony"
70427.09279,62,"High School Degree","6","Mountain",305082.1461,"acer"
33417.38679,72,"Some College","4","Pacific",438929.2477,"acer"
99134.29988,66,"High School Degree","5","West North Central",444367.1364,"sony"
87798.76646,54,"Less than High School","2","New England",134859.0819,"acer"
142798.2718,34,"High School Degree","8","West South Central",109728.6668,"sony"
119291.2271,24,"Masters or Doctoral","1","East North Central",364882.3916,"sony"
107416.6551,43,"Some College","8","West North Central",225179.0827,"acer"
118883.2828,41,"High School Degree","5","South Atlantic",162389.767,"sony"
30980.97769,20,"Less than High School","10","South Atlantic",468239.5624,"sony"
127178.2444,30,"High School Degree","5","East South Cental",168531.8567,"sony"
110941.4248,56,"High School Degree","17","East North Central",397228.2157,"acer"
98865.90648,63,"High School Degree","17","South Atlantic",218184.1293,"sony"
95016.26603,62,"Some College","17","New England",84770.35947,"sony"
57784.71744,28,"High School Degree","16","West South Central",447823.9005,"acer"
68617.82211,31,"Some College","16","East North Central",358245.1856,"acer"
50753.20374,71,"Some College","12","West North Central",156032.6083,"acer"
35051.22101,73,"Masters or Doctoral","1","West North Central",52807.721,"acer"
122203.444,30,"Less than High School","14","South Atlantic",292843.9125,"sony"
147220.1721,53,"Less than High School","15","South Atlantic",464412.2698,"sony"
84943.89358,29,"Masters or Doctoral","19","East South Cental",76558.15278,"acer"
82582.40164,67,"4-year college degree","6","West South Central",424899.03,"sony"
49887.56186,24,"Masters or Doctoral","12","West South Central",128053.4426,"sony"
46135.05143,77,"High School Degree","4","West North Central",116433.1225,"acer"
133149.5581,58,"Masters or Doctoral","19","West North Central",165146.3181,"sony"
20533.84534,35,"High School Degree","15","East North Central",158295.5107,"sony"
116644.0015,41,"Less than High School","1","East North Central",170133.9517,"sony"
96282.69552,41,"Masters or Doctoral","14","South Atlantic",170996.0469,"acer"
104598.8737,27,"High School Degree","16","Mid-Atlantic",35110.36651,"sony"
26242.31401,80,"Less than High School","20","West South Central",194284.4766,"acer"
93876.61834,36,"Masters or Doctoral","12","West North Central",227482.3702,"acer"
24461.78723,45,"4-year college degree","10","South Atlantic",373651.6154,"sony"
96579.88872,76,"Some College","10","Mid-Atlantic",312783.4403,"sony"
34021.316,43,"High School Degree","12","Mid-Atlantic",75010.66281,"sony"
38579.25353,73,"High School Degree","5","Mid-Atlantic",407826.4936,"acer"
77637.91873,79,"Masters or Doctoral","7","East South Cental",0,"sony"
88716.11255,57,"4-year college degree","18","South Atlantic",433600.5192,"acer"
77596.08829,73,"High School Degree","10","West North Central",146710.0387,"sony"
150000,24,"High School Degree","9","South Atlantic",306360.3409,"sony"
111190.4797,56,"Some College","20","Mid-Atlantic",134509.4324,"acer"
23231.69913,48,"High School Degree","12","West South Central",79814.87834,"sony"
134350.4368,34,"Less than High School","11","Pacific",139108.726,"sony"
20000,42,"Less than High School","4","South Atlantic",251565.7933,"sony"
140062.5126,36,"Masters or Doctoral","18","Pacific",264468.1944,"sony"
104812.9743,51,"Some College","16","South Atlantic",167932.1699,"acer"
107120.8205,54,"High School Degree","3","Mountain",33774.34751,"acer"
72934.75515,35,"Less than High School","20","Mid-Atlantic",353091.8872,"acer"
29300.24543,72,"Less than High School","11","East North Central",171734.2965,"acer"
83327.43392,54,"4-year college degree","10","New England",378942.3566,"acer"
51233.81346,37,"Masters or Doctoral","17","Mountain",337102.6138,"acer"
22680.73859,43,"Less than High School","12","South Atlantic",12305.42046,"sony"
68886.28603,78,"Masters or Doctoral","6","Pacific",71778.9853,"acer"
145359.9332,73,"Masters or Doctoral","1","South Atlantic",11973.25864,"sony"
34461.51634,30,"4-year college degree","5","Mid-Atlantic",335696.5498,"sony"
124094.5137,37,"High School Degree","5","Mid-Atlantic",263329.0235,"sony"
37893.66008,59,"High School Degree","20","New England",434298.1292,"acer"
50114.60752,57,"High School Degree","18","West South Central",332355.6643,"sony"
26392.81417,37,"Less than High School","7","Pacific",256149.517,"sony"
142231.7525,70,"4-year college degree","5","Pacific",354265.2498,"sony"
100209.5207,22,"Less than High School","10","East North Central",368557.6228,"sony"
134938.6776,39,"High School Degree","9","Mid-Atlantic",321258.8251,"sony"
56329.91495,45,"Less than High School","3","Mid-Atlantic",342334.8335,"sony"
94737.77894,28,"4-year college degree","17","Mid-Atlantic",320900.0317,"acer"
96756.43788,50,"Masters or Doctoral","19","New England",390898.3542,"acer"
24411.76708,36,"Less than High School","18","South Atlantic",25932.82159,"sony"
125463.6475,39,"4-year college degree","10","West South Central",52855.05112,"sony"
114733.8338,36,"Some College","16","New England",335951.7965,"sony"
85382.73395,20,"Some College","16","Mid-Atlantic",147222.4938,"acer"
129995.2276,36,"Less than High School","4","South Atlantic",320768.3665,"sony"
65410.41677,65,"Masters or Doctoral","9","Mountain",101852.3847,"acer"
128165.1348,40,"Less than High School","6","Mid-Atlantic",239481.758,"sony"
145396.0813,70,"4-year college degree","3","East North Central",412375.1028,"sony"
83975.4637,38,"Some College","7","Mountain",312360.8463,"acer"
107786.7765,42,"Less than High School","3","East North Central",338929.2402,"acer"
134697.2373,26,"Masters or Doctoral","1","Mid-Atlantic",459169.1949,"sony"
62812.66039,73,"High School Degree","16","West South Central",308848.325,"acer"
43202.13398,57,"Masters or Doctoral","4","South Atlantic",94521.56959,"sony"
108235.2348,67,"High School Degree","20","Pacific",266908.4668,"sony"
43670.4271,76,"Masters or Doctoral","13","Pacific",30821.93816,"acer"
31392.75671,46,"4-year college degree","4","New England",395469.0376,"sony"
33140.52718,29,"Less than High School","7","West South Central",336276.4093,"sony"
80960.69265,25,"4-year college degree","16","Mid-Atlantic",484594.1839,"acer"
145832.9555,65,"High School Degree","6","South Atlantic",464412.6502,"sony"
119519.3588,41,"Some College","1","Mountain",94936.78084,"acer"
26112.68949,44,"Masters or Doctoral","7","West South Central",435236.6253,"sony"
46694.40557,60,"Some College","16","West North Central",109984.1991,"sony"
22008.52133,50,"High School Degree","5","Mid-Atlantic",194614.4712,"sony"
78824.88817,63,"High School Degree","5","West North Central",284636.7239,"sony"
36277.02672,48,"Some College","20","West North Central",68098.86551,"sony"
74584.65489,25,"High School Degree","13","East South Cental",91555.37803,"acer"
72875.17737,59,"Some College","17","West South Central",83264.29747,"sony"
113433.6778,35,"High School Degree","8","New England",310269.7609,"sony"
58920.03086,43,"Masters or Doctoral","5","Mid-Atlantic",18644.09624,"sony"
46599.34614,77,"Some College","6","South Atlantic",306460.6563,"acer"
68880.87782,47,"High School Degree","10","Mid-Atlantic",130923.3164,"sony"
32230.49085,55,"High School Degree","13","East South Cental",214525.454,"sony"
94914.61592,65,"4-year college degree","3","Mid-Atlantic",134597.9658,"sony"
124770.8982,61,"4-year college degree","5","East North Central",223930.5126,"sony"
122213.4108,70,"Less than High School","5","West South Central",223928.9461,"sony"
49735.75273,20,"Less than High School","8","Mountain",367266.6277,"sony"
48416.97191,20,"4-year college degree","17","West South Central",441610.459,"sony"
71424.62986,72,"4-year college degree","17","East North Central",400662.0137,"acer"
107126.6368,29,"4-year college degree","20","New England",54661.19676,"sony"
107191.7103,64,"Less than High School","12","Mid-Atlantic",334489.3412,"sony"
116913.8816,33,"Masters or Doctoral","2","Pacific",40333.8022,"sony"
133293.0406,34,"4-year college degree","19","Pacific",378040.2025,"sony"
47618.29453,60,"High School Degree","7","Mid-Atlantic",446536.5781,"sony"
86608.63191,80,"4-year college degree","7","West North Central",162555.3093,"sony"
35142.56366,67,"High School Degree","9","Mountain",58774.08719,"acer"
135258.8686,65,"4-year college degree","20","Pacific",256290.4156,"sony"
103138.341,25,"Masters or Doctoral","1","Mid-Atlantic",66937.61027,"sony"
121077.8705,26,"Masters or Doctoral","7","Pacific",361907.5014,"sony"
59819.165,69,"High School Degree","5","South Atlantic",246473.5472,"acer"
60885.41931,59,"Some College","3","South Atlantic",323733.1559,"sony"
111736.6528,42,"Less than High School","19","East South Cental",430240.346,"acer"
150000,43,"4-year college degree","5","West North Central",299025.1845,"sony"
128314.8667,20,"Some College","8","Mountain",222171.8477,"sony"
70841.12891,36,"4-year college degree","7","New England",155042.3393,"acer"
93652.69783,46,"Less than High School","1","East South Cental",56123.31894,"acer"
20000,31,"Less than High School","7","South Atlantic",349685.3661,"sony"
132964.5724,80,"Some College","11","Mountain",77038.63252,"sony"
118802.9089,32,"4-year college degree","4","South Atlantic",102491.2305,"sony"
145277.7213,70,"Masters or Doctoral","18","Mid-Atlantic",485608.2771,"sony"
95044.07241,25,"Some College","12","West North Central",89469.04708,"acer"
33011.86043,36,"Less than High School","12","East North Central",290390.2787,"sony"
21760.93898,58,"4-year college degree","12","East North Central",465900.3139,"sony"
62925.14708,56,"Less than High School","4","Mid-Atlantic",214915.596,"sony"
64235.8948,75,"Masters or Doctoral","3","South Atlantic",324628.0943,"acer"
133562.2576,57,"Some College","16","South Atlantic",20444.27422,"sony"
138416.1344,75,"Masters or Doctoral","16","West South Central",259209.222,"sony"
123864.5997,40,"4-year college degree","2","West North Central",318390.0644,"sony"
145164.7501,56,"High School Degree","14","West South Central",396499.7332,"sony"
97613.63003,32,"Some College","2","New England",292305.1402,"acer"
85385.02389,38,"High School Degree","1","East South Cental",30254.10089,"acer"
128459.1776,49,"Less than High School","14","Pacific",490822.3432,"sony"
29530.03024,31,"4-year college degree","8","New England",275864.5496,"sony"
53782.25521,44,"High School Degree","15","South Atlantic",266739.5744,"sony"
139598.2621,67,"Masters or Doctoral","8","West North Central",204995.3593,"sony"
80186.5699,51,"Some College","20","West South Central",155637.0675,"acer"
122994.9619,60,"Less than High School","17","Pacific",265917.2045,"sony"
112007.7942,74,"Less than High School","3","South Atlantic",421008.7149,"sony"
23412.58374,40,"Masters or Doctoral","19","East South Cental",258763.7728,"sony"
45195.83065,73,"Some College","2","East North Central",135740.6137,"acer"
72265.84722,74,"Less than High School","13","East North Central",0,"acer"
42307.72428,23,"High School Degree","18","Mid-Atlantic",137181.8255,"sony"
113245.6463,27,"Some College","2","Pacific",417452.7978,"sony"
123628.4307,34,"Some College","6","Pacific",228939.7854,"sony"
104733.1197,38,"4-year college degree","12","South Atlantic",63024.17226,"sony"
147137.0928,68,"4-year college degree","10","East North Central",224301.3847,"sony"
22994.72639,68,"Some College","12","New England",95573.60109,"sony"
120837.5493,51,"Some College","11","West South Central",185695.3294,"acer"
118905.5884,28,"Less than High School","18","New England",320065.6429,"sony"
84213.02931,76,"4-year college degree","1","West South Central",310327.4397,"sony"
106578.3931,65,"Less than High School","13","Pacific",204668.8615,"sony"
31018.01806,35,"4-year college degree","6","New England",120283.1917,"sony"
42576.75365,29,"Less than High School","3","Pacific",286702.4912,"sony"
42138.83519,70,"Masters or Doctoral","3","East South Cental",147806.5322,"acer"
97400.40775,37,"Less than High School","17","West North Central",243555.9148,"acer"
44006.79318,60,"High School Degree","3","New England",454758.0344,"sony"
20000,32,"Less than High School","7","Pacific",484783.6878,"sony"
59880.87239,28,"Masters or Doctoral","13","Pacific",135329.7925,"acer"
136345.9731,80,"Some College","20","East North Central",26893.95202,"sony"
84457.32038,79,"Some College","19","Mountain",409249.3793,"sony"
96825.59605,42,"High School Degree","15","Pacific",463111.1998,"acer"
79744.12348,34,"Some College","3","West South Central",188402.0147,"acer"
77446.01348,60,"Less than High School","6","East North Central",142740.8989,"acer"
143266.2629,20,"Some College","20","Mountain",47752.15657,"sony"
150000,73,"Some College","19","New England",325347.1169,"sony"
132993.8029,30,"Masters or Doctoral","17","West South Central",82974.23206,"sony"
40555.62506,72,"Masters or Doctoral","1","Mountain",145868.4412,"acer"
102468.5116,72,"Less than High School","17","West South Central",253769.8295,"sony"
149828.0408,71,"4-year college degree","15","Pacific",233262.3019,"sony"
80807.14106,77,"4-year college degree","5","West North Central",42415.60446,"sony"
20512.4871,39,"4-year college degree","9","Mid-Atlantic",371972.2313,"sony"
69614.05326,77,"High School Degree","8","Mountain",255930.2817,"acer"
43568.94418,75,"Less than High School","8","Pacific",315326.3951,"acer"
75471.3766,36,"4-year college degree","17","West North Central",290769.7029,"acer"
114305.9688,22,"Masters or Doctoral","13","East South Cental",383973.0015,"sony"
133462.1381,34,"4-year college degree","5","Pacific",499772.6225,"sony"
128530.9196,55,"Some College","3","South Atlantic",477051.8375,"sony"
58714.77123,58,"4-year college degree","1","Mid-Atlantic",158286.9976,"acer"
45345.43473,48,"4-year college degree","19","Mountain",168954.0006,"sony"
150000,68,"Less than High School","8","New England",70479.91202,"sony"
124857.4049,44,"High School Degree","5","Pacific",169866.5572,"sony"
101313.7437,39,"Masters or Doctoral","10","South Atlantic",47426.07332,"acer"
45409.30349,60,"Some College","17","South Atlantic",28046.83642,"sony"
85365.39137,77,"4-year college degree","7","New England",126077.3625,"sony"
37341.90316,27,"Masters or Doctoral","14","Pacific",211915.4185,"sony"
135421.3244,65,"Some College","18","East North Central",271846.1433,"sony"
134096.6672,49,"4-year college degree","17","Pacific",82909.66461,"sony"
129902.7406,34,"Masters or Doctoral","14","Mountain",167715.0047,"sony"
38590.10506,20,"4-year college degree","17","Mid-Atlantic",94967.3057,"sony"
120189.9826,22,"Masters or Doctoral","14","East North Central",470137.5624,"sony"
87992.68086,44,"Some College","20","West North Central",270606.475,"acer"
74715.57728,74,"Some College","13","Pacific",416199.0994,"acer"
52808.15936,61,"Some College","20","West North Central",20252.89325,"acer"
145144.0765,43,"4-year college degree","19","Pacific",354657.6474,"sony"
48912.37442,36,"High School Degree","4","West South Central",316699.0802,"sony"
105178.4011,76,"High School Degree","5","New England",136688.7784,"sony"
58218.91217,39,"Masters or Doctoral","6","Mid-Atlantic",0,"acer"
100181.5649,66,"Some College","11","South Atlantic",471850.7786,"sony"
125208.0295,44,"4-year college degree","6","South Atlantic",413608.3241,"acer"
118020.407,68,"Masters or Doctoral","10","South Atlantic",245292.8652,"sony"
32326.05668,49,"Some College","6","East South Cental",201370.9266,"sony"
52694.07833,44,"Some College","9","East North Central",179484.7546,"sony"
103372.8303,24,"High School Degree","20","West South Central",3619.357444,"sony"
65132.72171,22,"Less than High School","7","Mid-Atlantic",39895.50162,"acer"
66868.04614,20,"Less than High School","18","New England",358381.8195,"acer"
91983.23774,65,"Masters or Doctoral","8","South Atlantic",50510.14048,"sony"
121164.428,41,"Masters or Doctoral","6","East South Cental",290670.2101,"sony"
98846.28093,34,"Some College","6","West South Central",19084.85065,"acer"
39186.62027,29,"Some College","18","Mountain",99178.07348,"sony"
124273.6164,51,"4-year college degree","10","Mid-Atlantic",491961.1458,"acer"
127442.4706,77,"High School Degree","16","East North Central",286532.0036,"sony"
29156.69976,56,"Less than High School","4","New England",412503.2524,"sony"
26484.50359,66,"High School Degree","10","Mountain",338303.8014,"acer"
101701.6432,68,"High School Degree","9","West North Central",62635.11175,"sony"
38762.8156,77,"High School Degree","4","East South Cental",329359.2113,"acer"
58212.09796,49,"Some College","6","Pacific",150336.2279,"sony"
119709.7329,50,"Less than High School","11","Mountain",341392.8665,"acer"
75516.37981,35,"High School Degree","18","East North Central",250679.0027,"acer"
63257.17425,20,"Masters or Doctoral","3","Pacific",169169.3182,"acer"
48185.88038,40,"Some College","3","New England",59392.85835,"sony"
134684.7873,35,"Some College","10","East North Central",202216.3381,"sony"
116962.3316,38,"4-year college degree","13","South Atlantic",225300.5894,"sony"
27802.35338,42,"Less than High School","13","South Atlantic",129940.1262,"sony"
34426.45198,78,"High School Degree","5","East North Central",5e+05,"acer"
61752.06335,61,"Less than High School","16","East South Cental",371803.3139,"acer"
142778.0983,58,"High School Degree","11","Pacific",393908.4136,"sony"
103436.7954,54,"High School Degree","9","East South Cental",215294.9737,"acer"
122491.1643,61,"High School Degree","2","South Atlantic",251447.586,"sony"
28787.24436,43,"High School Degree","10","South Atlantic",92412.82158,"sony"
99409.39166,60,"4-year college degree","13","Mid-Atlantic",469174.013,"sony"
28408.14758,72,"4-year college degree","9","South Atlantic",232647.2047,"acer"
144251.138,70,"4-year college degree","19","Mid-Atlantic",430967.8959,"sony"
65267.56323,20,"Masters or Doctoral","20","Pacific",361959.5086,"acer"
23651.49349,80,"High School Degree","9","West South Central",289847.3777,"sony"
43733.14914,31,"4-year college degree","3","Pacific",89969.74715,"sony"
47838.31962,40,"High School Degree","6","Mountain",68260.53557,"sony"
112708.1005,35,"Some College","9","Mountain",354599.903,"sony"
51420.69745,72,"High School Degree","5","East South Cental",98634.11395,"acer"
148303.9162,61,"Some College","18","Mid-Atlantic",57795.40344,"sony"
141156.8978,29,"4-year college degree","7","New England",496505.9083,"sony"
87817.04577,21,"4-year college degree","8","New England",209642.2545,"acer"
84260.46286,79,"High School Degree","11","New England",405312.264,"sony"
89081.08941,23,"High School Degree","1","West South Central",223649.976,"acer"
107668.3742,56,"4-year college degree","11","East South Cental",341489.3857,"acer"
30781.40664,34,"Less than High School","12","South Atlantic",39153.16357,"sony"
147783.9142,64,"4-year college degree","18","Pacific",126473.5649,"sony"
69382.90538,26,"Less than High School","18","West South Central",147521.7516,"acer"
49067.73776,56,"High School Degree","5","New England",218126.5226,"sony"
57426.22787,46,"Masters or Doctoral","16","New England",182910.3052,"sony"
30281.72564,54,"4-year college degree","7","West North Central",114880.6843,"sony"
132790.2185,37,"High School Degree","12","West North Central",353396.126,"sony"
31598.10825,59,"Less than High School","15","West South Central",174196.3636,"sony"
29406.22509,33,"4-year college degree","4","East South Cental",140113.3789,"sony"
80386.18881,30,"4-year college degree","8","East North Central",16821.65602,"acer"
94165.93581,50,"Some College","18","Pacific",441473.718,"acer"
95537.78973,55,"High School Degree","18","West South Central",445500.3522,"acer"
148232.4643,51,"4-year college degree","2","New England",353747.0653,"sony"
87800.39485,71,"Less than High School","7","Mid-Atlantic",230193.2184,"sony"
95557.34469,20,"4-year college degree","11","West North Central",155218.0787,"acer"
43402.74861,53,"Less than High School","6","South Atlantic",118217.5942,"sony"
134117.2224,58,"Masters or Doctoral","1","Mountain",440430.773,"sony"
85437.50709,67,"4-year college degree","10","Mid-Atlantic",89299.79469,"sony"
108095.0641,54,"Some College","4","West South Central",267614.0924,"acer"
48345.76372,27,"Less than High School","6","Mountain",37024.41721,"sony"
40145.04916,43,"High School Degree","8","Mid-Atlantic",142564.9054,"sony"
75995.75339,38,"Some College","2","Pacific",400105.7303,"acer"
115445.4092,63,"Masters or Doctoral","2","East North Central",181035.1076,"sony"
41465.60785,38,"High School Degree","10","East North Central",124565.5171,"sony"
116982.0569,34,"Masters or Doctoral","15","South Atlantic",205172.7165,"sony"
82416.993,41,"Less than High School","10","New England",153901.0029,"acer"
98430.07403,51,"Some College","14","East South Cental",191543.9028,"acer"
63446.17066,61,"Less than High School","6","Mountain",332322.1497,"acer"
64659.9905,33,"Some College","19","Mid-Atlantic",149581.8282,"acer"
46323.05421,39,"Some College","14","South Atlantic",282405.5964,"sony"
139638.6896,45,"Less than High School","19","South Atlantic",0,"sony"
72734.39413,75,"High School Degree","18","Mountain",424644.8452,"acer"
40963.61526,35,"Less than High School","9","East North Central",171674.387,"sony"
35481.36703,49,"4-year college degree","3","East South Cental",97873.92388,"sony"
125189.157,43,"Masters or Doctoral","8","South Atlantic",271943.0743,"acer"
100293.7423,67,"Some College","12","South Atlantic",341366.1381,"sony"
62881.38133,29,"Some College","16","Mountain",328409.2477,"acer"
97215.44029,29,"Masters or Doctoral","7","New England",89815.71076,"acer"
65152.71439,67,"Less than High School","5","East South Cental",87870.41781,"acer"
116955.3097,58,"Some College","9","East South Cental",214678.677,"acer"
55642.92292,58,"Some College","19","South Atlantic",327117.6814,"sony"
52681.99086,75,"Some College","13","Mid-Atlantic",270574.3104,"acer"
46247.43162,46,"Some College","16","West South Central",383171.9134,"sony"
99529.94197,80,"Less than High School","7","East South Cental",257303.2943,"sony"
57868.07702,53,"Less than High School","11","Mid-Atlantic",56349.65129,"sony"
87738.21119,67,"High School Degree","19","South Atlantic",481173.7237,"sony"
104589.8069,80,"Masters or Doctoral","2","New England",14094.08939,"sony"
36926.80839,79,"High School Degree","15","New England",212342.2754,"acer"
44638.33724,21,"4-year college degree","2","Mountain",380798.3031,"sony"
97035.76497,44,"Less than High School","12","South Atlantic",33111.80949,"acer"
34559.95223,45,"4-year college degree","12","New England",362937.4997,"sony"
23209.67781,70,"Less than High School","14","Mid-Atlantic",57255.63477,"sony"
26837.13196,30,"Masters or Doctoral","5","East South Cental",140519.7147,"sony"
65713.73828,62,"4-year college degree","9","New England",202690.5976,"acer"
143168.9529,55,"Some College","3","New England",50339.95269,"sony"
132887.7195,35,"High School Degree","7","South Atlantic",299467.3284,"sony"
41627.33883,69,"Some College","12","East South Cental",352742.6828,"acer"
150000,69,"Masters or Doctoral","17","New England",80684.11052,"sony"
141446.6415,57,"Some College","16","East South Cental",273818.0333,"sony"
54965.68655,47,"High School Degree","10","Pacific",457246.6383,"sony"
93711.32352,64,"Less than High School","9","East South Cental",496748.3763,"sony"
57662.38699,38,"Masters or Doctoral","11","West South Central",222535.1779,"acer"
58297.35512,23,"Some College","9","East South Cental",262942.1436,"acer"
143583.342,29,"Less than High School","20","East South Cental",123291.6628,"sony"
126206.0218,28,"Masters or Doctoral","15","Mid-Atlantic",76338.68737,"sony"
132109.3171,51,"4-year college degree","7","South Atlantic",202464.4938,"sony"
63747.62622,27,"Masters or Doctoral","5","West North Central",467626.7731,"acer"
25323.29311,41,"Less than High School","1","South Atlantic",214768.5624,"sony"
124276.0963,76,"4-year college degree","5","Mountain",456718.2002,"sony"
105904.7731,31,"High School Degree","2","West South Central",21072.77067,"sony"
60329.92786,38,"Some College","14","Mid-Atlantic",20969.24591,"acer"
36044.93633,49,"High School Degree","2","Mountain",401872.0472,"sony"
76146.30401,76,"Less than High School","2","Mid-Atlantic",424080.4239,"acer"
75970.85843,30,"4-year college degree","7","Pacific",149888.8541,"acer"
24072.76853,20,"4-year college degree","8","Mountain",378486.3358,"sony"
100883.4823,70,"Less than High School","15","West South Central",107457.2552,"sony"
51355.48331,27,"Some College","10","East North Central",5e+05,"acer"
62611.41481,45,"Less than High School","7","West North Central",117786.5422,"sony"
55951.8003,40,"High School Degree","18","West South Central",305696.4989,"sony"
46175.37823,58,"Less than High School","11","Pacific",405506.6257,"sony"
83093.82172,28,"Some College","5","East North Central",255068.2832,"acer"
73042.33647,48,"Masters or Doctoral","6","West North Central",294590.3798,"sony"
118382.7814,26,"4-year college degree","6","Mid-Atlantic",269684.812,"sony"
47045.81746,72,"Masters or Doctoral","9","East North Central",420191.0729,"acer"
110843.5953,63,"4-year college degree","12","West South Central",359434.2747,"sony"
113746.3227,45,"High School Degree","3","East South Cental",314.51825,"acer"
63876.20069,31,"Masters or Doctoral","4","South Atlantic",416362.1023,"acer"
135698.0205,49,"Some College","19","Pacific",107744.0247,"sony"
84380.70068,80,"4-year college degree","10","West South Central",205286.862,"sony"
43303.80671,80,"4-year college degree","3","West North Central",344526.3882,"acer"
82494.94772,75,"Less than High School","3","West South Central",158733.354,"sony"
37636.69092,67,"Some College","4","Pacific",243894.9834,"acer"
36685.60515,59,"High School Degree","7","West North Central",87436.29435,"acer"
84766.1187,30,"4-year college degree","20","West North Central",292078.9989,"acer"
119114.7513,50,"Less than High School","5","New England",231626.6538,"acer"
59209.62603,50,"Masters or Doctoral","18","Pacific",126838.458,"sony"
59792.5968,60,"High School Degree","14","West North Central",147171.8285,"acer"
99030.5007,26,"4-year college degree","20","West North Central",363814.2146,"acer"
86370.15172,43,"Some College","8","Mid-Atlantic",269824.32,"acer"
96407.83998,70,"Masters or Doctoral","7","West North Central",390294.4069,"sony"
26481.5661,51,"Less than High School","19","West South Central",426652.1773,"sony"
133015.7315,50,"Masters or Doctoral","8","East South Cental",19627.84597,"sony"
62450.88985,34,"Masters or Doctoral","12","West North Central",322675.8209,"acer"
90349.64207,30,"Less than High School","11","Mid-Atlantic",216240.891,"acer"
112143.2768,41,"Less than High School","8","West South Central",5e+05,"acer"
108921.8554,25,"High School Degree","1","Pacific",163007.0162,"sony"
142121.7798,31,"Some College","16","East North Central",350038.5955,"sony"
97624.12799,62,"4-year college degree","14","Mountain",272486.3653,"sony"
150000,38,"Some College","11","Mid-Atlantic",138152.7546,"sony"
121997.2031,50,"High School Degree","10","West North Central",414859.9194,"acer"
56693.9986,35,"Masters or Doctoral","11","Mountain",377791.1922,"acer"
112134.9546,73,"Masters or Doctoral","6","South Atlantic",152169.0126,"sony"
40284.96098,45,"Masters or Doctoral","7","Mountain",258877.3303,"sony"
81066.04555,21,"High School Degree","6","West South Central",112695.1862,"acer"
36484.9693,44,"Some College","13","Pacific",312636.9561,"sony"
31083.00007,27,"Some College","9","Mountain",303557.0212,"sony"
85832.03878,46,"Some College","4","East South Cental",311217.8752,"acer"
45526.84992,30,"Less than High School","20","Mountain",420321.7586,"sony"
142968.8757,61,"High School Degree","2","West North Central",147601.4274,"sony"
107551.8016,47,"Some College","15","New England",8569.369135,"acer"
24818.02698,70,"4-year college degree","5","New England",493950.1772,"acer"
122907.5328,73,"Less than High School","20","New England",18731.69074,"sony"
89119.69046,31,"Some College","12","Pacific",364189.6804,"acer"
34879.40647,68,"Some College","9","Mountain",91758.57709,"acer"
22166.87198,24,"Masters or Doctoral","19","Pacific",345330.3877,"sony"
28770.22615,40,"Masters or Doctoral","5","New England",473503.8249,"sony"
20000,51,"Some College","9","East North Central",65396.98255,"sony"
149312.3411,76,"4-year college degree","15","East North Central",256444.8688,"sony"
103313.4269,33,"High School Degree","9","West South Central",0,"sony"
92914.09824,29,"4-year college degree","3","Mid-Atlantic",305444.9554,"acer"
32116.97782,56,"4-year college degree","15","East South Cental",108193.9753,"sony"
148121.4454,48,"Some College","6","Mountain",44331.69358,"sony"
124395.972,45,"Masters or Doctoral","7","South Atlantic",354893.257,"acer"
29799.63971,52,"4-year college degree","8","West North Central",110581.2518,"sony"
104509.0038,78,"Less than High School","14","South Atlantic",316968.5073,"sony"
52138.02687,26,"High School Degree","1","West North Central",229780.66,"acer"
28902.8634,80,"Masters or Doctoral","15","Mid-Atlantic",77350.92007,"acer"
78836.24881,53,"Less than High School","15","Mid-Atlantic",263173.6033,"acer"
71713.02077,42,"Masters or Doctoral","17","New England",190874.3683,"sony"
59323.25746,61,"High School Degree","13","South Atlantic",388700.3513,"acer"
142611.3603,33,"High School Degree","13","Mid-Atlantic",458961.7241,"sony"
121188.9121,64,"4-year college degree","9","Mountain",303937.0389,"sony"
91963.47777,33,"Masters or Doctoral","14","South Atlantic",60664.30969,"acer"
91009.37611,37,"Masters or Doctoral","18","West South Central",43299.69048,"acer"
94793.48842,32,"High School Degree","17","Mid-Atlantic",181246.5443,"acer"
39254.69822,75,"Masters or Doctoral","1","Pacific",349906.9769,"acer"
40115.40046,23,"Less than High School","11","East North Central",394810.3574,"sony"
92537.07122,51,"Less than High School","16","Pacific",14159.5959,"acer"
104134.2543,56,"Less than High School","9","South Atlantic",169916.2242,"acer"
116395.8997,65,"Less than High School","8","West North Central",392943.9979,"sony"
85665.54745,60,"High School Degree","5","East South Cental",468860.4896,"acer"
98376.82473,57,"4-year college degree","10","Mid-Atlantic",364534.6601,"acer"
23314.98925,42,"Masters or Doctoral","13","South Atlantic",383185.22,"sony"
59443.58623,65,"Masters or Doctoral","14","East South Cental",326667.2732,"acer"
31539.563,46,"Some College","3","Mountain",429928.983,"sony"
46849.97366,20,"Some College","7","South Atlantic",80625.8514,"sony"
39028.80468,62,"Some College","16","Mountain",207809.0397,"acer"
20000,76,"Some College","20","East South Cental",402948.1002,"sony"
136914.9593,62,"Some College","4","West South Central",358552.1044,"sony"
52767.80586,57,"4-year college degree","18","Mid-Atlantic",206389.0421,"sony"
69899.44513,23,"High School Degree","5","West North Central",192955.1576,"acer"
116302.6426,35,"Less than High School","14","East North Central",5e+05,"sony"
111361.1631,38,"4-year college degree","7","Mountain",240901.0903,"sony"
102297.1269,32,"High School Degree","19","Mid-Atlantic",197189.7499,"sony"
127750.2735,76,"Masters or Doctoral","8","New England",101458.9792,"sony"
78946.54918,50,"Less than High School","11","New England",5e+05,"acer"
63294.31882,25,"Some College","16","New England",401642.9842,"acer"
41385.43158,69,"4-year college degree","19","West North Central",410833.7226,"acer"
110212.224,75,"Some College","17","South Atlantic",325044.0144,"sony"
127549.6272,35,"4-year college degree","11","New England",8477.122144,"sony"
37310.84969,36,"Masters or Doctoral","1","New England",255697.4689,"sony"
68488.69868,77,"Less than High School","1","West South Central",278145.6345,"acer"
59746.41027,27,"Some College","11","West South Central",213888.7237,"acer"
111883.1097,75,"4-year college degree","20","East South Cental",0,"sony"
23164.51871,30,"Masters or Doctoral","7","West South Central",419893.5981,"sony"
26659.98968,23,"High School Degree","3","New England",198761.767,"sony"
35348.56731,21,"High School Degree","15","Mid-Atlantic",295812.58,"sony"
26348.22606,26,"Some College","12","West South Central",23593.85209,"sony"
132728.9799,61,"Masters or Doctoral","3","West North Central",432192.0759,"sony"
52549.75121,29,"Some College","11","Mountain",5e+05,"acer"
124831.5869,33,"Some College","20","Pacific",323272.8102,"sony"
85444.77235,59,"Less than High School","6","Pacific",57032.88805,"acer"
32395.88355,38,"High School Degree","11","Mountain",288976.9232,"sony"
47295.13654,62,"Masters or Doctoral","14","South Atlantic",74684.97386,"acer"
34203.97698,65,"Masters or Doctoral","6","West South Central",284962.2998,"acer"
128004.0397,77,"4-year college degree","20","East North Central",286512.7614,"sony"
104917.9318,45,"4-year college degree","12","West South Central",419120.7685,"acer"
125378.2782,33,"Less than High School","7","East South Cental",141911.9615,"sony"
117782.5051,50,"4-year college degree","16","East South Cental",88365.81794,"acer"
34453.27007,29,"Less than High School","9","New England",45824.63643,"sony"
81729.38019,68,"Less than High School","2","Mid-Atlantic",137172.2457,"sony"
117427.7035,56,"4-year college degree","8","Pacific",43345.0999,"acer"
122679.3152,54,"High School Degree","12","Mid-Atlantic",28322.34627,"acer"
96100.03484,79,"Masters or Doctoral","4","Mountain",295964.9533,"sony"
137461.4623,71,"High School Degree","8","West North Central",462257.1375,"sony"
29614.62569,70,"Masters or Doctoral","8","South Atlantic",368892.1331,"acer"
139323.2592,66,"Less than High School","6","Mid-Atlantic",299492.3359,"sony"
90022.83673,28,"Masters or Doctoral","19","South Atlantic",0,"acer"
109211.345,67,"Less than High School","6","New England",398936.5098,"sony"
101859.4083,26,"Masters or Doctoral","17","New England",374379.4236,"sony"
98578.51644,60,"Masters or Doctoral","6","West South Central",354669.5792,"acer"
68739.31536,63,"4-year college degree","18","New England",309969.424,"acer"
62941.17686,25,"Some College","20","East North Central",396049.7463,"acer"
137522.8067,48,"Some College","20","Pacific",415628.5796,"sony"
149307.7481,52,"Masters or Doctoral","16","Pacific",310498.2918,"sony"
130132.507,70,"Masters or Doctoral","16","Mountain",87650.65567,"sony"
30443.08963,33,"Masters or Doctoral","16","Mid-Atlantic",226654.7185,"sony"
131569.3026,39,"Less than High School","7","Mid-Atlantic",42502.3947,"sony"
134451.3154,65,"Some College","11","East North Central",146703.2401,"sony"
53611.23108,37,"4-year college degree","11","East North Central",474685.0812,"acer"
129187.1532,45,"4-year college degree","4","Mountain",50291.18264,"sony"
104775.6208,54,"Some College","1","East South Cental",29145.42482,"acer"
120278.184,57,"Less than High School","5","Mid-Atlantic",202675.6049,"acer"
47798.64585,42,"Less than High School","6","Pacific",328565.2113,"sony"
27508.69505,50,"High School Degree","20","South Atlantic",107211.2414,"sony"
35027.87023,38,"Some College","6","East South Cental",345838.5762,"sony"
86680.26795,22,"High School Degree","10","Mid-Atlantic",32283.24858,"acer"
27521.22218,63,"Some College","2","West North Central",390988.2565,"acer"
120038.153,27,"Masters or Doctoral","7","Mountain",366077.8846,"sony"
42094.2126,30,"Masters or Doctoral","11","South Atlantic",286061.9017,"sony"
86853.06225,22,"4-year college degree","15","Pacific",420236.4709,"acer"
23303.67649,55,"High School Degree","17","West South Central",107151.1055,"sony"
138502.5746,28,"Masters or Doctoral","6","West North Central",283643.8586,"sony"
121373.1863,42,"High School Degree","4","West South Central",102711.2729,"acer"
102476.7654,80,"High School Degree","13","Pacific",33296.02044,"sony"
90861.25197,50,"Some College","8","South Atlantic",367221.3588,"acer"
92691.65747,43,"Masters or Doctoral","12","West North Central",352702.5476,"acer"
40882.00657,78,"4-year college degree","11","Mountain",49640.08339,"acer"
68989.97498,62,"4-year college degree","8","South Atlantic",12262.62721,"acer"
65844.4763,50,"Less than High School","2","West South Central",372306.3395,"sony"
94824.29643,39,"Masters or Doctoral","16","Mid-Atlantic",358821.7083,"acer"
79618.44352,76,"Less than High School","12","Mountain",485452.478,"sony"
100990.4456,35,"Masters or Doctoral","7","South Atlantic",23981.79953,"sony"
146769.4563,33,"Less than High School","17","West South Central",323268.7266,"sony"
72829.10304,70,"High School Degree","1","Mid-Atlantic",114728.4347,"acer"
47029.33124,21,"Some College","15","West North Central",331734.0984,"sony"
119814.5738,64,"Some College","3","New England",135126.841,"sony"
35809.0293,73,"Masters or Doctoral","15","East South Cental",98084.10415,"acer"
120866.4757,57,"4-year college degree","17","East North Central",447889.4622,"acer"
110615.2719,57,"Masters or Doctoral","20","New England",472675.8244,"acer"
115003.2221,28,"4-year college degree","12","Mountain",381176.449,"sony"
41800.36108,22,"Masters or Doctoral","20","West South Central",38686.00033,"sony"
22878.50685,36,"Some College","10","Pacific",452759.4149,"sony"
72301.14695,74,"High School Degree","14","East South Cental",430191.2152,"acer"
95091.58106,36,"Less than High School","13","Pacific",220148.9576,"acer"
39165.55345,74,"Some College","1","Mid-Atlantic",290549.0179,"acer"
70932.518,28,"Less than High School","2","New England",0,"acer"
69499.47912,35,"High School Degree","15","Mid-Atlantic",161773.9415,"acer"
105482.3493,47,"Less than High School","11","East South Cental",452184.2009,"acer"
109659.3287,71,"High School Degree","12","South Atlantic",294792.7255,"sony"
102539.3262,68,"Some College","3","Mid-Atlantic",82246.3004,"sony"
52676.55709,56,"Some College","17","Mountain",487332.9265,"sony"
35811.78392,35,"High School Degree","4","West South Central",220070.7284,"sony"
97643.28382,55,"4-year college degree","10","Mountain",343195.5696,"acer"
80214.91442,44,"High School Degree","19","East South Cental",91341.64545,"acer"
146758.0741,68,"4-year college degree","14","Mountain",187399.3516,"sony"
93679.58058,52,"4-year college degree","2","Mountain",459403.0798,"acer"
26032.83671,54,"High School Degree","18","East South Cental",430386.6226,"sony"
118681.9553,49,"4-year college degree","1","South Atlantic",50661.75091,"acer"
146361.3478,38,"Masters or Doctoral","6","East South Cental",351244.9233,"sony"
85190.71032,64,"4-year college degree","5","Mountain",133320.4791,"sony"
20000,22,"Less than High School","19","West South Central",163851.5053,"sony"
135011.4037,49,"Some College","17","West South Central",72532.74117,"sony"
69656.6599,24,"Less than High School","1","Mountain",206532.8378,"acer"
124476.5588,33,"Less than High School","2","West North Central",197077.0306,"sony"
134523.9552,69,"Less than High School","12","South Atlantic",69438.81184,"sony"
132566.8034,78,"Some College","7","Mountain",53706.53975,"sony"
113526.1266,63,"Some College","4","East North Central",488814.1369,"sony"
43448.45424,45,"High School Degree","20","East South Cental",91180.19975,"sony"
95398.73929,53,"Less than High School","1","Mountain",188788.473,"acer"
87577.35168,59,"4-year college degree","13","Mid-Atlantic",78393.02484,"sony"
58668.93419,79,"High School Degree","11","East South Cental",117295.6264,"acer"
146540.2737,58,"Masters or Doctoral","18","Mountain",20216.92133,"sony"
149479.016,41,"Some College","5","West North Central",271194.1859,"sony"
100797.9474,74,"Some College","5","West North Central",144378.1373,"sony"
129206.6736,36,"High School Degree","18","West North Central",195842.8795,"sony"
81258.88867,64,"4-year college degree","2","Mountain",429118.301,"sony"
138085.1838,53,"Masters or Doctoral","17","West North Central",159699.7287,"sony"
67052.40877,70,"High School Degree","5","West North Central",418407.9173,"acer"
36164.19784,20,"High School Degree","7","West North Central",180561.0534,"sony"
94025.0208,28,"4-year college degree","16","New England",480283.4282,"acer"
81248.11307,38,"Less than High School","20","West North Central",451374.8802,"acer"
145539.9164,39,"Masters or Doctoral","17","Mid-Atlantic",417259.2235,"sony"
79839.31999,69,"Some College","6","East South Cental",263863.2875,"sony"
81436.08658,57,"4-year college degree","11","Mountain",339657.7054,"acer"
78417.33318,60,"High School Degree","16","South Atlantic",475405.2857,"acer"
70465.86564,43,"Masters or Doctoral","15","East North Central",293176.4201,"sony"
111064.4793,73,"Less than High School","10","Mountain",485095.3666,"sony"
103801.965,66,"Less than High School","7","Pacific",331878.5956,"sony"
67623.16832,36,"High School Degree","10","Pacific",220692.1167,"acer"
115366.7044,56,"Less than High School","16","West North Central",128663.8877,"acer"
119003.6151,38,"Less than High School","8","Mid-Atlantic",149006.0814,"sony"
114387.2724,74,"4-year college degree","11","Pacific",83577.82587,"sony"
74380.29565,64,"High School Degree","15","West North Central",239993.4525,"sony"
97153.31751,73,"Some College","10","Mountain",151713.9724,"sony"
105839.2076,52,"Masters or Doctoral","10","East North Central",16466.79894,"acer"
128579.8073,20,"Some College","4","East South Cental",412765.5914,"sony"
116010.41,25,"High School Degree","14","West North Central",413851.9399,"sony"
146121.5466,68,"4-year college degree","11","Mountain",283479.8209,"sony"
145129.1733,53,"Some College","17","East North Central",226403.802,"sony"
119155.568,33,"High School Degree","17","West South Central",198071.3275,"sony"
59366.98642,73,"High School Degree","3","New England",173449.8789,"acer"
138334.6239,25,"Masters or Doctoral","19","Mountain",78595.50327,"sony"
84738.8287,52,"4-year college degree","12","Pacific",479866.5962,"acer"
140930.7197,41,"Masters or Doctoral","13","East South Cental",8014.305419,"sony"
139619.1388,56,"Some College","15","New England",117998.2922,"sony"
47293.84964,73,"Masters or Doctoral","10","East South Cental",228277.6035,"acer"
61796.39478,76,"4-year college degree","5","Mountain",317688.5704,"acer"
141293.2428,79,"Masters or Doctoral","4","Pacific",109912.0806,"sony"
98569.53756,71,"High School Degree","18","East South Cental",42777.30399,"sony"
123959.3273,70,"High School Degree","10","Pacific",186415.0735,"sony"
35631.6643,77,"Masters or Doctoral","2","New England",488576.433,"acer"
67111.13269,73,"Less than High School","12","West North Central",48548.97644,"acer"
71143.4118,44,"Some College","9","East North Central",287576.7696,"sony"
34103.24886,67,"Some College","19","East South Cental",186438.2558,"acer"
102794.5771,27,"Some College","20","Mountain",46324.57829,"sony"
80300.37772,42,"4-year college degree","10","West South Central",391480.8756,"acer"
101427.1835,74,"Masters or Doctoral","7","West North Central",339388.4045,"sony"
122419.9823,46,"Some College","10","West South Central",198802.4924,"acer"
59008.96739,30,"Masters or Doctoral","6","Mid-Atlantic",0,"acer"
79409.77976,79,"4-year college degree","15","South Atlantic",499140.5016,"sony"
139430.1035,37,"Masters or Doctoral","14","East South Cental",206643.5318,"sony"
65082.29641,57,"Masters or Doctoral","5","South Atlantic",234378.1679,"sony"
20527.93173,50,"Some College","14","Pacific",201404.207,"sony"
127017.2437,42,"Some College","15","New England",114445.9564,"sony"
102033.1047,59,"Masters or Doctoral","10","West North Central",195361.1452,"acer"
66531.31819,26,"High School Degree","12","New England",364589.7084,"acer"
118858.1034,45,"Less than High School","16","Mountain",190670.9006,"acer"
29212.46205,74,"High School Degree","8","South Atlantic",278554.9669,"acer"
92964.66934,71,"Masters or Doctoral","13","East South Cental",59649.00768,"sony"
119933.751,60,"4-year college degree","15","Mid-Atlantic",102958.9804,"sony"
87466.29788,22,"High School Degree","4","New England",422194.325,"acer"
68864.59813,49,"Some College","7","East South Cental",274946.7245,"sony"
93327.54687,59,"Some College","20","South Atlantic",91379.86628,"sony"
146314.713,76,"High School Degree","18","Mountain",215158.637,"sony"
113487.0436,57,"Some College","10","West South Central",226368.0596,"acer"
58019.02752,65,"Some College","12","East North Central",182530.7481,"acer"
136284.0255,40,"High School Degree","3","Pacific",127319.2813,"sony"
112367.8327,20,"Masters or Doctoral","16","Pacific",487423.1227,"sony"
29535.41467,69,"Masters or Doctoral","7","East North Central",389856.1547,"acer"
148013.108,49,"Masters or Doctoral","8","East South Cental",357512.7198,"sony"
150000,55,"Masters or Doctoral","6","West North Central",0,"sony"
78528.68218,64,"High School Degree","8","East North Central",93620.08182,"sony"
72849.73844,68,"Masters or Doctoral","2","East North Central",445896.3653,"acer"
108093.294,72,"Less than High School","7","West South Central",115055.9799,"sony"
20000,27,"Masters or Doctoral","14","New England",261394.6833,"sony"
111974.808,39,"4-year college degree","1","New England",323935.9612,"sony"
73994.59828,44,"High School Degree","19","South Atlantic",270726.2782,"sony"
37926.50202,32,"4-year college degree","17","Mountain",241947.617,"sony"
137304.692,23,"High School Degree","17","New England",453232.0564,"sony"
57019.45054,49,"High School Degree","13","East South Cental",207185.9726,"sony"
84900.00601,65,"4-year college degree","6","East North Central",367680.843,"sony"
76658.34476,42,"Less than High School","9","Mid-Atlantic",41193.44923,"acer"
44059.34003,54,"4-year college degree","19","West South Central",269955.1941,"sony"
57429.61821,57,"Masters or Doctoral","6","South Atlantic",267551.2283,"sony"
148648.4114,29,"Less than High School","19","Mid-Atlantic",263351.0189,"sony"
104491.469,39,"Less than High School","8","East South Cental",431299.2237,"acer"
78933.10823,67,"Less than High School","10","East North Central",356306.6841,"sony"
73877.15763,28,"Less than High School","15","West North Central",462840.5197,"acer"
111084.076,42,"4-year college degree","4","South Atlantic",323852.0025,"acer"
64867.58043,49,"Masters or Doctoral","4","West North Central",27892.29422,"sony"
100892.6807,64,"Masters or Doctoral","2","West South Central",31061.03552,"sony"
105100.8954,26,"Some College","14","Mountain",314237.0938,"sony"
99023.6174,24,"4-year college degree","10","West North Central",47430.18303,"sony"
75529.96931,23,"Masters or Doctoral","4","Mountain",70689.17557,"acer"
49380.91251,21,"Masters or Doctoral","4","West South Central",229990.8392,"sony"
85970.68437,45,"Less than High School","19","East North Central",472665.1215,"acer"
124427.7918,79,"4-year college degree","8","South Atlantic",452418.5991,"sony"
55871.66077,26,"Masters or Doctoral","8","New England",125118.3114,"acer"
89464.92739,72,"Less than High School","3","Mountain",289193.3348,"sony"
39147.33437,29,"Less than High School","2","Pacific",125686.1265,"sony"
58374.38414,50,"Less than High School","20","Mid-Atlantic",46725.20215,"sony"
119850.2455,68,"Less than High School","10","Mountain",313249.7623,"sony"
66261.62048,34,"Some College","1","West South Central",131292.3264,"acer"
92719.8503,80,"4-year college degree","13","South Atlantic",325060.8248,"sony"
59885.51215,27,"High School Degree","14","East North Central",448709.8013,"acer"
141024.9663,22,"High School Degree","11","East South Cental",440352.5369,"sony"
135971.9437,41,"Masters or Doctoral","12","New England",31624.41795,"sony"
135847.2557,76,"High School Degree","10","Pacific",51436.13384,"sony"
65516.77444,37,"Masters or Doctoral","8","Mountain",371760.3671,"acer"
86360.78374,70,"Less than High School","6","West South Central",422600.9508,"sony"
64992.97509,52,"Less than High School","5","Mountain",170967.3971,"sony"
52014.21485,41,"Some College","6","East North Central",88937.25366,"sony"
51897.85815,41,"High School Degree","17","West South Central",430448.6587,"sony"
127615.0977,69,"Masters or Doctoral","4","Pacific",201792.7371,"sony"
28593.8818,27,"Less than High School","2","South Atlantic",436309.5253,"sony"
55476.86812,76,"High School Degree","16","Mountain",345160.2231,"acer"
144839.0923,51,"Less than High School","2","East South Cental",449495.8107,"sony"
32184.16895,74,"Some College","12","West South Central",212635.6232,"acer"
98316.99782,79,"Less than High School","20","Pacific",402884.5556,"sony"
127497.0941,21,"4-year college degree","16","West South Central",107201.6564,"sony"
87021.9129,73,"Less than High School","5","West South Central",165604.6187,"sony"
117406.3647,78,"High School Degree","4","Mid-Atlantic",60589.58198,"sony"
53269.52827,56,"Some College","17","West South Central",136863.558,"sony"
42001.41976,73,"4-year college degree","9","New England",175219.8532,"acer"
145051.9418,38,"4-year college degree","18","West South Central",147348.2577,"sony"
94688.34758,60,"Some College","11","East North Central",461201.899,"sony"
35123.89458,72,"Less than High School","8","South Atlantic",448649.7642,"acer"
55675.97852,30,"Some College","12","Mountain",290063.0586,"acer"
74216.00532,76,"Less than High School","3","West North Central",367372.7381,"acer"
76740.4387,64,"Less than High School","20","Mid-Atlantic",111781.0931,"sony"
75502.94922,38,"Some College","19","Mountain",163131.3535,"acer"
120827.7076,60,"Less than High School","9","East North Central",411525.4828,"sony"
127444.0911,46,"High School Degree","14","West North Central",44121.66421,"sony"
70338.79042,58,"4-year college degree","18","West North Central",147578.13,"acer"
140854.2762,60,"4-year college degree","13","Pacific",158337.2465,"sony"
101982.4818,41,"4-year college degree","2","West North Central",332218.3676,"acer"
87268.15232,45,"Masters or Doctoral","1","East South Cental",256921.1125,"acer"
132395.2907,29,"4-year college degree","7","West North Central",370135.2787,"sony"
150000,38,"Masters or Doctoral","10","East South Cental",27914.92421,"sony"
138495.6822,47,"High School Degree","7","Pacific",290023.1693,"sony"
143067.2554,21,"4-year college degree","11","New England",267294.2711,"sony"
111513.4376,50,"4-year college degree","16","East North Central",338543.6804,"acer"
43932.86926,25,"High School Degree","1","South Atlantic",65275.619,"sony"
107584.1346,23,"Less than High School","13","South Atlantic",307751.3013,"sony"
50395.68599,23,"High School Degree","4","South Atlantic",329674.5765,"acer"
37144.01009,47,"Some College","2","Pacific",419464.5514,"sony"
21032.9829,44,"Less than High School","19","New England",15832.36827,"sony"
61748.06704,76,"Some College","18","Mountain",174843.1203,"acer"
20134.78116,37,"High School Degree","4","Mid-Atlantic",468828.2598,"sony"
59165.59474,42,"Some College","16","West North Central",434933.7409,"sony"
109746.4266,57,"Masters or Doctoral","19","Pacific",432421.6593,"acer"
73517.43729,26,"Some College","4","New England",40504.34623,"acer"
70998.51613,45,"High School Degree","10","Mountain",493115.5835,"sony"
109650.1414,28,"Less than High School","16","Pacific",83908.94205,"sony"
29501.17546,65,"4-year college degree","17","East North Central",158994.9565,"acer"
66588.47334,64,"Less than High School","1","Mid-Atlantic",200625.627,"acer"
92885.45971,20,"High School Degree","7","Mountain",221755.4533,"acer"
126820.1154,39,"4-year college degree","4","South Atlantic",240199.783,"sony"
141752.4126,58,"Less than High School","14","Mid-Atlantic",365870.1799,"sony"
72530.13224,76,"4-year college degree","10","South Atlantic",390512.899,"acer"
40795.80964,44,"Some College","6","West North Central",387854.5876,"sony"
85216.74702,20,"4-year college degree","10","Pacific",425307.9992,"acer"
34772.88743,22,"4-year college degree","19","Pacific",134441.4865,"sony"
123331.205,41,"4-year college degree","16","East South Cental",181686.5731,"acer"
98294.71204,47,"Less than High School","4","West South Central",26043.18164,"acer"
91995.73758,61,"High School Degree","14","East North Central",128738.8537,"sony"
45585.90401,56,"Some College","14","West South Central",340467.1975,"sony"
71554.22157,31,"Less than High School","2","West North Central",214369.0499,"acer"
149665.9326,68,"Less than High School","8","East North Central",346630.645,"sony"
125596.4295,25,"4-year college degree","2","Mountain",264804.7439,"sony"
87310.32595,25,"High School Degree","1","West North Central",218073.7814,"acer"
101393.3866,26,"4-year college degree","6","West South Central",350149.415,"sony"
20724.6049,42,"Some College","3","West South Central",90797.47347,"sony"
111761.4132,51,"4-year college degree","8","West North Central",147236.5048,"acer"
92919.53792,66,"Masters or Doctoral","15","East North Central",291576.1583,"sony"
61602.34903,61,"Some College","1","East North Central",286142.4488,"acer"
45819.74109,38,"Less than High School","16","Mountain",440548.7205,"sony"
61454.7924,54,"4-year college degree","10","Mountain",291949.5019,"sony"
139632.4331,32,"Masters or Doctoral","5","Pacific",141294.0414,"sony"
43129.87464,71,"4-year college degree","16","South Atlantic",466436.9423,"acer"
93175.93352,79,"High School Degree","11","West North Central",473449.3901,"sony"
121465.6226,56,"High School Degree","9","East North Central",498811.0358,"acer"
124644.6368,75,"4-year college degree","6","Mountain",401311.8083,"sony"
58692.39104,27,"4-year college degree","10","East South Cental",269595.4237,"acer"
56987.81611,69,"Some College","5","West South Central",104762.8327,"acer"
86375.82174,29,"Less than High School","2","West North Central",449808.5928,"acer"
34251.29362,77,"Masters or Doctoral","13","South Atlantic",234258.5614,"acer"
88218.53915,25,"High School Degree","3","Mid-Atlantic",88848.01594,"acer"
141357.5758,66,"Some College","1","West North Central",312116.8815,"sony"
144067.8221,80,"High School Degree","1","East South Cental",68733.19107,"sony"
52400.19028,23,"Some College","2","West South Central",249549.8427,"acer"
130428.6976,26,"Some College","19","New England",450835.7316,"sony"
96815.5436,47,"Masters or Doctoral","17","Mountain",5e+05,"acer"
142500.7367,32,"High School Degree","10","East South Cental",478447.9585,"sony"
121291.951,39,"4-year college degree","19","East North Central",406960.2877,"sony"
48695.31162,64,"High School Degree","17","West North Central",415518.9887,"acer"
60145.04882,43,"Masters or Doctoral","5","Mid-Atlantic",483830.2376,"sony"
89450.67436,72,"Masters or Doctoral","11","Pacific",425756.751,"sony"
102010.5624,54,"Less than High School","1","West South Central",221188.7872,"acer"
45896.06532,24,"4-year college degree","13","East North Central",415078.6355,"sony"
47450.39756,22,"Some College","6","Mountain",168145.8335,"sony"
105281.6968,54,"Masters or Doctoral","4","East North Central",319460.8019,"acer"
135668.6407,23,"4-year college degree","12","Pacific",171527.3552,"sony"
98388.149,65,"4-year college degree","17","Pacific",144441.344,"sony"
140572.3466,67,"High School Degree","6","East North Central",299062.7972,"sony"
50007.50394,71,"Some College","19","South Atlantic",288063.9963,"acer"
93790.66178,47,"Less than High School","18","East South Cental",6322.651024,"acer"
86439.65675,33,"4-year college degree","15","West North Central",87445.32569,"acer"
47952.45435,67,"4-year college degree","15","Pacific",262581.7908,"acer"
96366.90032,44,"Less than High School","20","Mid-Atlantic",146640.3598,"acer"
44772.91093,30,"4-year college degree","1","New England",359934.0832,"sony"
34834.50001,48,"Masters or Doctoral","8","New England",389620.4451,"sony"
131319.1563,74,"4-year college degree","8","Mid-Atlantic",362049.7485,"sony"
107322.6711,31,"Less than High School","13","Pacific",372170.1126,"sony"
63568.15817,77,"Some College","19","West South Central",200209.1558,"acer"
24787.59857,62,"4-year college degree","17","Pacific",354268.0163,"acer"
124025.6117,27,"Some College","13","New England",144207.666,"sony"
138649.2595,43,"Some College","5","Mountain",23902.55287,"sony"
49804.29454,31,"Some College","11","Pacific",160648.9947,"sony"
110700.6481,43,"Some College","14","Mid-Atlantic",356094.152,"acer"
27070.86147,35,"Masters or Doctoral","5","South Atlantic",169428.5493,"sony"
48862.00582,69,"4-year college degree","17","West South Central",115476.7367,"acer"
111381.9449,57,"High School Degree","4","South Atlantic",57371.81958,"acer"
99568.00677,39,"Masters or Doctoral","18","Mid-Atlantic",382655.0405,"acer"
34268.57672,38,"Masters or Doctoral","8","East South Cental",406952.6996,"sony"
20000,80,"Less than High School","15","East North Central",430755.3771,"sony"
96034.59811,22,"Masters or Doctoral","14","Mid-Atlantic",43002.01574,"acer"
109738.2836,42,"Masters or Doctoral","7","East North Central",351590.4655,"acer"
106239.6417,75,"Masters or Doctoral","5","West North Central",237596.2996,"sony"
116601.0881,50,"Masters or Doctoral","12","Mid-Atlantic",68733.78988,"acer"
91596.93633,65,"Less than High School","3","Mid-Atlantic",250783.1685,"sony"
99974.21852,64,"Some College","11","Mid-Atlantic",304091.4848,"sony"
48038.87817,62,"High School Degree","13","West South Central",92766.26737,"acer"
60401.88444,75,"Less than High School","17","Mid-Atlantic",69933.35372,"acer"
47874.39517,65,"Less than High School","20","Mountain",151749.4515,"acer"
41748.45115,35,"Less than High School","15","West South Central",410310.4849,"sony"
141797.2521,37,"4-year college degree","8","Mountain",182963.6356,"sony"
105833.1015,62,"High School Degree","3","East South Cental",478721.4935,"sony"
126470.8586,34,"Less than High School","10","West South Central",131840.6144,"sony"
91098.15123,61,"Less than High School","19","Pacific",314294.0402,"sony"
20968.90938,55,"4-year college degree","11","West South Central",26671.674,"sony"
73836.6107,80,"Less than High School","8","South Atlantic",194492.1769,"acer"
60244.25363,63,"Some College","5","Mid-Atlantic",5e+05,"acer"
72585.63867,48,"Masters or Doctoral","5","Pacific",282436.5584,"sony"
86737.34565,80,"Masters or Doctoral","17","West South Central",328453.3504,"sony"
103741.625,55,"Less than High School","2","West South Central",32675.52679,"acer"
111545.3258,67,"Less than High School","10","Mid-Atlantic",498091.2637,"sony"
148824.515,43,"Masters or Doctoral","14","Mid-Atlantic",161830.1289,"sony"
36878.62637,54,"Less than High School","3","East North Central",457689.8619,"sony"
96503.39081,69,"Some College","19","West North Central",78550.91124,"sony"
93697.45064,20,"Some College","19","East South Cental",329350.6715,"acer"
71528.12774,25,"4-year college degree","13","East South Cental",148602.6828,"acer"
76032.43662,38,"4-year college degree","20","West South Central",426971.0686,"acer"
101391.1065,52,"Some College","15","South Atlantic",311403.3093,"acer"
99162.68578,72,"Less than High School","8","Mountain",279567.4383,"sony"
113921.7956,30,"4-year college degree","13","New England",395143.9007,"sony"
44574.96998,43,"4-year college degree","4","West North Central",390506.7379,"sony"
101801.2987,75,"Masters or Doctoral","12","West South Central",408220.6611,"sony"
139543.5731,53,"4-year college degree","15","Mountain",99027.54002,"sony"
46515.75338,52,"Some College","14","Pacific",5e+05,"sony"
124897.4762,53,"4-year college degree","14","South Atlantic",223204.2879,"sony"
38939.20726,74,"Less than High School","10","Mid-Atlantic",32949.96009,"acer"
45062.26721,39,"Masters or Doctoral","6","South Atlantic",189471.0517,"sony"
118803.6923,29,"Some College","20","East North Central",366286.2922,"sony"
111007.3355,76,"Some College","10","East North Central",380894.3598,"sony"
91447.19436,47,"Masters or Doctoral","2","Mountain",282832.3072,"acer"
41274.93735,72,"Some College","15","East North Central",255645.1984,"acer"
60308.68598,41,"High School Degree","15","Mid-Atlantic",178595.3873,"sony"
133603.7935,39,"Less than High School","11","Pacific",279375.9867,"sony"
76265.83061,45,"4-year college degree","10","West North Central",91100.21296,"sony"
41955.7296,36,"Some College","11","South Atlantic",78128.18698,"sony"
131531.6631,60,"4-year college degree","8","Mountain",275012.912,"sony"
112046.6142,27,"Less than High School","18","New England",68719.01479,"sony"
50545.22724,65,"Less than High School","4","East North Central",245815.6898,"acer"
39753.23151,26,"Less than High School","11","East South Cental",189232.2443,"sony"
60104.05351,48,"High School Degree","12","East North Central",313598.4485,"sony"
124784.0441,61,"Less than High School","8","West North Central",297512.663,"sony"
24946.63556,41,"Masters or Doctoral","6","West North Central",5e+05,"sony"
52541.05865,50,"Some College","6","South Atlantic",74439.72762,"sony"
72560.43242,26,"High School Degree","13","East North Central",271962.2472,"acer"
22069.27585,27,"Less than High School","20","Mountain",255440.1592,"sony"
84014.24294,39,"Masters or Doctoral","4","East South Cental",148273.0428,"acer"
70144.78974,60,"Masters or Doctoral","2","Pacific",300127.3665,"acer"
100593.3618,28,"Masters or Doctoral","8","East South Cental",270837.814,"sony"
127915.4825,37,"High School Degree","19","New England",345879.5886,"sony"
64569.56265,77,"Masters or Doctoral","7","South Atlantic",172998.4295,"acer"
111686.8886,30,"Some College","12","West North Central",375714.9679,"sony"
30128.31534,37,"Masters or Doctoral","9","South Atlantic",174771.24,"sony"
39321.7578,65,"High School Degree","2","Mid-Atlantic",248393.7967,"acer"
43071.1254,55,"High School Degree","16","Mid-Atlantic",327174.6515,"sony"
150000,65,"Some College","7","East South Cental",421610.1981,"sony"
81240.61663,41,"Some College","18","New England",12861.56167,"acer"
80538.46341,35,"High School Degree","10","East North Central",472628.1531,"acer"
121490.2459,32,"Masters or Doctoral","1","East South Cental",82356.65808,"sony"
138166.8,76,"4-year college degree","16","West North Central",405096.6585,"sony"
59962.69916,22,"Less than High School","18","East South Cental",32178.10106,"acer"
22072.28501,60,"Masters or Doctoral","9","Mid-Atlantic",49177.0917,"sony"
49273.01854,32,"4-year college degree","2","Pacific",0,"acer"
22411.30604,58,"Masters or Doctoral","18","East South Cental",235532.7639,"sony"
101129.1017,47,"Masters or Doctoral","9","New England",5e+05,"acer"
75013.50911,44,"Less than High School","6","Mountain",18405.80947,"sony"
32512.58219,49,"Less than High School","15","South Atlantic",316265.7133,"sony"
58627.94727,21,"Masters or Doctoral","2","East South Cental",61823.03893,"acer"
148652.2946,35,"Some College","11","West South Central",163356.824,"sony"
121129.1651,37,"High School Degree","9","West North Central",248553.773,"sony"
117717.7064,48,"Less than High School","3","West North Central",419458.8692,"acer"
148421.9077,72,"Some College","4","West South Central",383448.1657,"sony"
91204.84153,66,"4-year college degree","1","West South Central",219162.1188,"sony"
34360.47948,23,"4-year college degree","10","East North Central",274648.3764,"sony"
134249.1107,74,"Masters or Doctoral","15","West North Central",214056.2767,"sony"
43228.46645,58,"4-year college degree","9","East South Cental",231225.1242,"sony"
97969.39878,57,"Some College","15","Pacific",482400.0573,"acer"
83399.56892,59,"Masters or Doctoral","15","South Atlantic",351278.6025,"acer"
135593.1242,78,"Masters or Doctoral","9","East North Central",134040.3371,"sony"
70294.63993,36,"Some College","6","Mid-Atlantic",184494.3466,"acer"
150000,32,"Masters or Doctoral","12","East South Cental",288880.1793,"sony"
122702.6215,20,"Less than High School","1","Mountain",311025.6498,"sony"
134970.663,50,"High School Degree","19","East North Central",160406.0323,"sony"
55606.7988,23,"High School Degree","14","South Atlantic",37479.22429,"acer"
41887.5984,55,"4-year college degree","14","East South Cental",356474.2987,"sony"
62313.84661,31,"Some College","3","Pacific",314199.6268,"acer"
32219.35428,68,"Masters or Doctoral","15","East South Cental",119923.6924,"acer"
60624.64844,48,"High School Degree","7","West North Central",100619.2613,"sony"
100001.3379,69,"4-year college degree","8","East North Central",186525.3456,"sony"
76759.89091,67,"Less than High School","7","East North Central",303698.4853,"sony"
134719.6201,66,"High School Degree","9","East South Cental",140750.4335,"sony"
45124.2404,24,"Some College","16","East South Cental",204573.78,"sony"
98169.50762,27,"Masters or Doctoral","4","Mountain",176155.5841,"acer"
125009.0426,67,"4-year college degree","13","Mid-Atlantic",405462.1422,"sony"
40569.98125,67,"Less than High School","20","Pacific",279122.1024,"acer"
48869.87273,22,"Masters or Doctoral","13","West South Central",297816.7292,"acer"
142645.9227,52,"High School Degree","3","Pacific",60311.21438,"sony"
25058.46449,60,"High School Degree","18","West South Central",348825.3032,"sony"
119469.5057,32,"Some College","8","South Atlantic",410227.4986,"sony"
106023.6931,54,"Some College","16","West South Central",337055.4402,"acer"
97308.76283,44,"4-year college degree","10","Mid-Atlantic",446314.4941,"acer"
149682.139,49,"4-year college degree","9","Mountain",109117.4962,"sony"
81314.12589,75,"4-year college degree","19","East South Cental",205306.9193,"sony"
28310.75445,57,"4-year college degree","19","South Atlantic",16328.48323,"sony"
142709.1426,33,"High School Degree","7","Pacific",448699.2512,"sony"
87569.9426,63,"Masters or Doctoral","17","Mountain",313144.0939,"sony"
30781.16592,41,"High School Degree","1","Pacific",339019.227,"sony"
128391.3609,46,"Less than High School","5","West North Central",110368.3374,"sony"
38829.88179,68,"Less than High School","9","New England",468313.7679,"acer"
98427.27551,79,"4-year college degree","20","Pacific",294329.7833,"sony"
145259.1834,48,"High School Degree","1","East North Central",337912.3066,"sony"
76676.79539,35,"Less than High School","20","New England",242083.7169,"acer"
53967.89572,64,"Masters or Doctoral","13","West North Central",463253.7788,"acer"
68294.07425,68,"Less than High School","2","East North Central",131832.1355,"acer"
83449.89595,50,"High School Degree","3","East North Central",295607.7498,"acer"
82460.96492,44,"4-year college degree","19","Mid-Atlantic",475030.6744,"acer"
118800.9317,22,"Some College","10","New England",404864.9245,"sony"
121712.8531,66,"Less than High School","15","West North Central",208569.2136,"sony"
45927.39296,43,"Some College","17","East North Central",74064.32067,"sony"
50187.83246,48,"High School Degree","8","South Atlantic",140900.6824,"sony"
92188.2231,65,"High School Degree","7","Mountain",161198.8053,"sony"
129160.6433,30,"High School Degree","16","East South Cental",90245.46066,"sony"
107901.309,67,"Some College","14","Mountain",196903.636,"sony"
70148.91055,45,"Some College","7","New England",59773.46895,"sony"
37510.28817,30,"Some College","7","New England",109361.4974,"sony"
79318.09958,57,"High School Degree","15","Pacific",476197.975,"acer"
43244.40398,62,"Some College","13","Mid-Atlantic",154983.549,"acer"
31225.04873,23,"4-year college degree","2","Pacific",209546.6401,"sony"
65646.06408,45,"High School Degree","2","Mountain",423159.7358,"sony"
148186.5017,55,"Masters or Doctoral","1","West North Central",487288.3991,"sony"
125297.1896,43,"Less than High School","8","West South Central",460100.7347,"acer"
63499.02428,42,"Less than High School","5","Mid-Atlantic",470126.774,"sony"
50583.96651,71,"4-year college degree","1","South Atlantic",335147.4237,"acer"
144178.1527,37,"4-year college degree","2","Mid-Atlantic",305341.8329,"sony"
39320.44388,68,"High School Degree","13","Mid-Atlantic",207805.7571,"acer"
23709.2279,59,"Masters or Doctoral","15","South Atlantic",69213.57182,"sony"
20000,49,"Masters or Doctoral","9","Mountain",399259.6805,"sony"
124260.0869,20,"4-year college degree","8","Mid-Atlantic",123385.8773,"sony"
125349.6144,47,"High School Degree","3","Mid-Atlantic",15590.44309,"acer"
143696.9786,35,"Some College","4","East South Cental",411030.1768,"sony"
23593.28102,36,"Less than High School","8","East North Central",5e+05,"sony"
129574.0387,24,"Less than High School","4","Pacific",133431.3144,"sony"
126552.1217,36,"4-year college degree","9","West South Central",348938.1562,"sony"
102457.7274,66,"Less than High School","16","East South Cental",196726.3591,"sony"
134544.7648,59,"Less than High School","1","Mountain",344898.4499,"sony"
150000,76,"4-year college degree","12","Mountain",174897.56,"sony"
54781.68022,52,"Less than High School","15","East South Cental",72519.48236,"sony"
29945.4922,75,"Some College","9","Mid-Atlantic",170179.2104,"acer"
83891.55966,52,"Some College","14","East South Cental",28685.22963,"acer"
125979.2891,71,"Less than High School","12","Mountain",276614.8293,"sony"
74064.71053,24,"Some College","2","East North Central",202279.5788,"acer"
106485.5671,46,"4-year college degree","16","New England",381242.0881,"acer"
50333.57979,70,"High School Degree","5","East South Cental",224871.1702,"acer"
